0.000000 1.000000
0.000000 0.316783
0.000000 0.302391
0.000000 0.704999
0.000000 1.000000
0.000000 0.832311
0.000000 0.401787
0.000000 0.522048
0.000000 0.186718
0.000000 0.490220
0.000000 0.624487
0.000000 1.000000
0.000000 1.000000
0.000000 1.000000
0.000000 0.665153
0.000000 1.000000
0.000000 0.794204
0.000000 0.224294
0.000000 0.493794
0.000000 0.386863
0.000000 0.326733
0.000000 0.348660
0.000000 0.268438
0.000000 0.391548
0.000000 0.917411
0.000000 0.597295
0.000000 0.264815
0.000000 0.232408
0.000000 0.365371
0.000000 0.274088
0.000000 0.231007
0.000000 0.340208
0.000000 0.272108
0.000000 0.320889
0.000000 0.299493
0.000000 0.224922
0.000000 0.159285
0.000000 0.740159
0.000000 1.000000
0.000000 0.520889
0.000000 0.362183
0.000000 0.285438
0.000000 0.210142
0.000000 0.334267
0.000000 0.462642
0.000000 0.392949
0.000000 0.313403
0.000000 0.269404
0.000000 0.676696
0.000000 0.724270
0.000000 0.000000
0.000000 0.469452
0.000000 0.183675
0.000000 0.672591
0.000000 0.469693
0.000000 0.057088
0.000000 0.083506
0.000000 0.183772
0.000000 0.143878
0.000000 0.084859
0.000000 0.109587
0.000000 0.084955
0.000000 0.071432
0.000000 0.351461
0.250000 1.000000
0.250000 0.605651
0.250000 0.280415
0.250000 0.268389
0.250000 0.375900
0.250000 0.381019
0.250000 0.689833
0.250000 0.225163
0.250000 0.237527
0.250000 0.239362
0.250000 0.269114
0.250000 0.276213
0.250000 0.493649
0.250000 0.705530
0.250000 0.818546
0.250000 0.264429
0.250000 0.340256
0.250000 0.445593
0.250000 0.911084
0.250000 0.761845
0.250000 0.470466
0.250000 0.861193
0.250000 0.894180
0.250000 0.556870
0.250000 0.665443
0.250000 0.551509
0.250000 0.132094
0.250000 0.247138
0.250000 0.104564
0.250000 0.166192
0.250000 0.425115
0.250000 0.238638
0.250000 0.513789
0.250000 0.178846
0.250000 0.621347
0.250000 0.326878
0.250000 0.249650
0.250000 0.287660
0.250000 0.154552
0.250000 0.301087
0.250000 0.177445
0.250000 0.687080
0.250000 0.346969
0.250000 0.174064
0.250000 0.321758
0.250000 0.317266
0.250000 0.426467
0.250000 0.476262
0.250000 0.219416
0.250000 0.316542
0.250000 0.698237
0.250000 0.260082
0.250000 0.308138
0.250000 1.000000
0.250000 0.658295
0.250000 0.751075
0.250000 0.362473
0.250000 0.273654
0.250000 0.374016
0.250000 0.237044
0.250000 0.270466
0.250000 0.557643
0.250000 0.577831
0.250000 0.231345
0.250000 0.246366
0.250000 0.138469
0.250000 0.146245
0.250000 0.455252
0.250000 0.299589
0.250000 0.675006
0.250000 0.021203
0.250000 0.252355
0.500000 0.854142
0.500000 0.224873
0.500000 0.385414
0.500000 0.531949
0.500000 0.195750
0.500000 0.193963
0.500000 0.202125
0.500000 0.385124
0.500000 0.819029
0.500000 0.609804
0.500000 0.182758
0.500000 0.390244
0.500000 0.927554
0.500000 0.281430
0.500000 0.292586
0.500000 0.588698
0.500000 0.927554
0.500000 0.665588
0.500000 0.470369
0.500000 0.725960
0.500000 0.519971
0.500000 0.471191
0.500000 0.761797
0.500000 0.377590
0.500000 0.373485
0.500000 0.811591
0.500000 0.666699
0.500000 0.596667
0.500000 0.334170
0.500000 0.181212
0.500000 0.115914
0.500000 0.248104
0.500000 0.303067
0.500000 0.095726
0.500000 0.293504
0.500000 0.213475
0.500000 0.318957
0.500000 0.340256
0.500000 0.188409
0.500000 0.344651
0.500000 0.422507
0.500000 0.339966
0.500000 0.624487
0.500000 0.394253
0.500000 0.226419
0.500000 0.249263
0.500000 0.297078
0.500000 0.852258
0.500000 0.657474
0.500000 0.613137
0.500000 0.834678
0.500000 0.829365
0.500000 0.283796
0.500000 0.643081
0.500000 0.405216
0.500000 0.307993
0.500000 0.739387
0.500000 0.400676
0.500000 0.186477
0.500000 0.224583
0.500000 0.767592
0.500000 0.616808
0.500000 0.373436
0.500000 0.513547
0.500000 0.443275
0.500000 0.672978
0.500000 0.159285
0.500000 0.251292
0.500000 0.638010
0.500000 0.528375
0.500000 0.426902
0.500000 0.519874
0.750000 0.810142
0.750000 0.140836
0.750000 0.338131
0.750000 0.896305
0.750000 0.739870
0.750000 0.328568
0.750000 0.749384
0.750000 0.593238
0.750000 0.326153
0.750000 0.479063
0.750000 0.520647
0.750000 0.666168
0.750000 0.927554
0.750000 0.927554
0.750000 0.444723
0.750000 0.360541
0.750000 0.493601
0.750000 0.473895
0.750000 0.508283
0.750000 0.578797
0.750000 0.760299
0.750000 0.927554
0.750000 0.927554
0.750000 0.776044
0.750000 0.927554
0.750000 0.763294
0.750000 0.387249
0.750000 0.519923
0.750000 0.927554
0.750000 0.927554
0.750000 0.603719
0.750000 0.631538
0.750000 0.927554
0.750000 0.712292
0.750000 0.467230
0.750000 0.495146
0.750000 0.337310
0.750000 0.418643
0.750000 0.442019
0.750000 0.606230
0.750000 0.609563
0.750000 0.836127
0.750000 0.803284
0.750000 0.927554
0.750000 0.719971
0.750000 0.395557
0.750000 0.455349
0.750000 0.581888
0.750000 0.693456
0.750000 0.754552
0.750000 0.452837
0.750000 0.473364
0.750000 0.876648
0.750000 0.736537
0.750000 0.534364
0.750000 0.868148
0.750000 0.358319
0.750000 0.410239
0.750000 0.616904
0.750000 0.720261
0.750000 0.541705
0.750000 0.706786
0.750000 0.927554
0.750000 0.888240
0.750000 0.803960
0.750000 0.704274
0.750000 0.295098
0.750000 0.315286
0.750000 0.618788
0.750000 0.519730
0.750000 0.545520
0.750000 0.511905
1.000000 0.927554
1.000000 0.927554
1.000000 0.270321
1.000000 0.340594
1.000000 0.316059
1.000000 0.450181
1.000000 0.742140
1.000000 0.716639
1.000000 0.621299
1.000000 0.326636
1.000000 0.349336
1.000000 0.454238
1.000000 0.440715
1.000000 0.519681
1.000000 0.703019
1.000000 0.927554
1.000000 0.735909
1.000000 0.359285
1.000000 0.629027
1.000000 0.577155
1.000000 0.547790
1.000000 0.927554
1.000000 0.927554
1.000000 0.888578
1.000000 0.484859
1.000000 0.483072
1.000000 0.381744
1.000000 0.400676
1.000000 0.416952
1.000000 0.764018
1.000000 0.927554
1.000000 0.834871
1.000000 0.734943
1.000000 0.752185
1.000000 0.435740
1.000000 0.319778
1.000000 0.801594
1.000000 0.202318
1.000000 0.289399
1.000000 0.271818
1.000000 0.426998
1.000000 0.872108
1.000000 0.663753
1.000000 0.260324
1.000000 0.278339
1.000000 0.364115
1.000000 0.395653
1.000000 0.573871
1.000000 0.324704
1.000000 0.348370
1.000000 0.276407
1.000000 0.343057
1.000000 0.527602
1.000000 0.337406
1.000000 0.228496
1.000000 0.426757
1.000000 0.493842
1.000000 0.246414
1.000000 0.264477
1.000000 0.603767
1.000000 0.485728
1.000000 0.491910
1.000000 0.338614
1.000000 0.337986
1.000000 0.425936
1.000000 0.797730
1.000000 0.716832
1.000000 0.366626
1.000000 0.233663
1.000000 0.311519
1.000000 0.532384
1.000000 0.692828
