0.000000 1.000000
0.000000 0.316783
0.000000 0.302391
0.000000 0.704999
0.000000 1.000000
0.162393 0.832311
0.000000 0.401787
0.000000 0.522048
0.170940 0.186718
0.000000 0.490220
0.000000 0.624487
0.000000 1.000000
0.034188 1.000000
0.000000 1.000000
0.000000 0.665153
0.000000 1.000000
0.000000 0.794204
0.213675 0.224294
0.000000 0.493794
0.000000 0.386863
0.000000 0.326733
0.000000 0.348660
0.000000 0.268438
0.000000 0.391548
0.000000 0.917411
0.000000 0.597295
0.000000 0.264815
0.000000 0.232408
0.829060 0.365371
0.017094 0.274088
0.000000 0.231007
0.000000 0.340208
0.068376 0.272108
0.000000 0.320889
0.000000 0.299493
0.000000 0.224922
0.341880 0.159285
0.000000 0.740159
0.076923 1.000000
0.264957 0.520889
0.000000 0.362183
0.000000 0.285438
0.001709 0.210142
0.025641 0.334267
0.000000 0.462642
0.000000 0.392949
0.000000 0.313403
0.001709 0.269404
0.000000 0.676696
0.000000 0.724270
1.000000 0.000000
0.000000 0.469452
0.000000 0.183675
0.000000 0.672591
0.000000 0.469693
0.000000 0.057088
0.000000 0.083506
0.000000 0.183772
0.000000 0.143878
0.000000 0.084859
0.000000 0.109587
0.025641 0.084955
0.025641 0.071432
0.000000 0.351461
0.000000 1.000000
0.000000 0.605651
0.000000 0.280415
0.000000 0.268389
0.000000 0.375900
0.000000 0.381019
0.034188 0.689833
0.017094 0.225163
0.000000 0.237527
0.000000 0.239362
0.000000 0.269114
0.666667 0.276213
0.000000 0.493649
0.000000 0.705530
0.058120 0.818546
0.179487 0.264429
0.000000 0.340256
0.000000 0.445593
0.000000 0.911084
0.000000 0.761845
0.000000 0.470466
0.000000 0.861193
0.000000 0.894180
0.000000 0.556870
0.059829 0.665443
0.000000 0.551509
0.000000 0.132094
0.000000 0.247138
0.003419 0.104564
0.000000 0.166192
0.000000 0.425115
0.000000 0.238638
0.000000 0.513789
0.150427 0.178846
0.005128 0.621347
0.000000 0.326878
0.003419 0.249650
0.000000 0.287660
0.000000 0.154552
0.000000 0.301087
0.162393 0.177445
0.000000 0.687080
0.000000 0.346969
0.071795 0.174064
0.000000 0.321758
0.000000 0.317266
0.000000 0.426467
0.000000 0.476262
0.027350 0.219416
0.000000 0.316542
0.000000 0.698237
0.000000 0.260082
0.000000 0.308138
0.000000 1.000000
0.000000 0.658295
0.000000 0.751075
0.000000 0.362473
0.114530 0.273654
0.000000 0.374016
0.000000 0.237044
0.000000 0.270466
0.046154 0.557643
0.000000 0.577831
0.000000 0.231345
0.000000 0.246366
0.000000 0.138469
0.000000 0.146245
0.000000 0.455252
0.000000 0.299589
0.000000 0.675006
0.000000 0.021203
0.000000 0.252355
0.000000 0.854142
0.278632 0.224873
0.000000 0.385414
0.015385 0.531949
0.000000 0.195750
0.001709 0.193963
0.464957 0.202125
0.000000 0.385124
0.000000 0.819029
0.000000 0.609804
0.317949 0.182758
0.000000 0.390244
0.000000 0.927554
0.000000 0.281430
0.000000 0.292586
0.000000 0.588698
0.000000 0.927554
0.211966 0.665588
0.000000 0.470369
0.000000 0.725960
0.000000 0.519971
0.000000 0.471191
0.006838 0.761797
0.027350 0.377590
0.000000 0.373485
0.000000 0.811591
0.000000 0.666699
0.000000 0.596667
0.000000 0.334170
0.000000 0.181212
0.034188 0.115914
0.005128 0.248104
0.000000 0.303067
0.206838 0.095726
0.000000 0.293504
0.000000 0.213475
0.000000 0.318957
0.000000 0.340256
0.290598 0.188409
0.000000 0.344651
0.000000 0.422507
0.000000 0.339966
0.000000 0.624487
0.000000 0.394253
0.000000 0.226419
0.023932 0.249263
0.001709 0.297078
0.001709 0.852258
0.121368 0.657474
0.000000 0.613137
0.000000 0.834678
0.000000 0.829365
0.000000 0.283796
0.008547 0.643081
0.000000 0.405216
0.000000 0.307993
0.066667 0.739387
0.107692 0.400676
0.011966 0.186477
0.000000 0.224583
0.000000 0.767592
0.068376 0.616808
0.000000 0.373436
0.000000 0.513547
0.000000 0.443275
0.000000 0.672978
0.000000 0.159285
0.000000 0.251292
0.011966 0.638010
0.025641 0.528375
0.029060 0.426902
0.000000 0.519874
0.000000 0.810142
0.052991 0.140836
0.000000 0.338131
0.000000 0.896305
0.000000 0.739870
0.000000 0.328568
0.011966 0.749384
0.000000 0.593238
0.128205 0.326153
0.011966 0.479063
0.000000 0.520647
0.000000 0.666168
0.000000 0.927554
0.000000 0.927554
0.201709 0.444723
0.035897 0.360541
0.000000 0.493601
0.000000 0.473895
0.000000 0.508283
0.000000 0.578797
0.000000 0.760299
0.000000 0.927554
0.000000 0.927554
0.000000 0.776044
0.000000 0.927554
0.000000 0.763294
0.008547 0.387249
0.000000 0.519923
0.000000 0.927554
0.000000 0.927554
0.013675 0.603719
0.000000 0.631538
0.000000 0.927554
0.000000 0.712292
0.000000 0.467230
0.000000 0.495146
0.005128 0.337310
0.152137 0.418643
0.000000 0.442019
0.011966 0.606230
0.000000 0.609563
0.000000 0.836127
0.000000 0.803284
0.000000 0.927554
0.000000 0.719971
0.022222 0.395557
0.000000 0.455349
0.000000 0.581888
0.008547 0.693456
0.000000 0.754552
0.000000 0.452837
0.047863 0.473364
0.270085 0.876648
0.075214 0.736537
0.015385 0.534364
0.000000 0.868148
0.174359 0.358319
0.000000 0.410239
0.000000 0.616904
0.000000 0.720261
0.003419 0.541705
0.000000 0.706786
0.000000 0.927554
0.001709 0.888240
0.000000 0.803960
0.000000 0.704274
0.000000 0.295098
0.000000 0.315286
0.000000 0.618788
0.000000 0.519730
0.000000 0.545520
0.000000 0.511905
0.000000 0.927554
0.000000 0.927554
0.000000 0.270321
0.000000 0.340594
0.000000 0.316059
0.408547 0.450181
0.010256 0.742140
0.000000 0.716639
0.000000 0.621299
0.000000 0.326636
0.000000 0.349336
0.000000 0.454238
0.010256 0.440715
0.000000 0.519681
0.000000 0.703019
0.000000 0.927554
0.162393 0.735909
0.000000 0.359285
0.000000 0.629027
0.000000 0.577155
0.008547 0.547790
0.000000 0.927554
0.000000 0.927554
0.119658 0.888578
0.205128 0.484859
0.000000 0.483072
0.000000 0.381744
0.000000 0.400676
0.000000 0.416952
0.000000 0.764018
0.000000 0.927554
0.000000 0.834871
0.000000 0.734943
0.000000 0.752185
0.000000 0.435740
0.000000 0.319778
0.000000 0.801594
0.000000 0.202318
0.000000 0.289399
0.088889 0.271818
0.083761 0.426998
0.000000 0.872108
0.000000 0.663753
0.000000 0.260324
0.000000 0.278339
0.000000 0.364115
0.000000 0.395653
0.000000 0.573871
0.000000 0.324704
0.000000 0.348370
0.000000 0.276407
0.000000 0.343057
0.000000 0.527602
0.000000 0.337406
0.000000 0.228496
0.000000 0.426757
0.000000 0.493842
0.029060 0.246414
0.140171 0.264477
0.000000 0.603767
0.000000 0.485728
0.034188 0.491910
0.000000 0.338614
0.029060 0.337986
0.307692 0.425936
0.000000 0.797730
0.000000 0.716832
0.000000 0.366626
0.073504 0.233663
0.000000 0.311519
0.000000 0.532384
0.000000 0.692828
