0.166667 1.000000
0.333333 0.316783
0.500000 0.302391
0.666667 0.704999
1.000000 1.000000
0.833333 0.832311
0.166667 0.401787
0.333333 0.522048
0.166667 0.186718
0.333333 0.490220
0.500000 0.624487
1.000000 1.000000
0.833333 1.000000
0.000000 1.000000
0.666667 0.665153
1.000000 1.000000
0.833333 0.794204
0.166667 0.224294
0.333333 0.493794
0.500000 0.386863
0.166667 0.326733
0.333333 0.348660
0.500000 0.268438
0.666667 0.391548
1.000000 0.917411
0.833333 0.597295
0.166667 0.264815
0.333333 0.232408
0.500000 0.365371
0.166667 0.274088
0.333333 0.231007
0.500000 0.340208
0.166667 0.272108
0.333333 0.320889
0.500000 0.299493
0.166667 0.224922
0.500000 0.159285
0.666667 0.740159
1.000000 1.000000
0.833333 0.520889
0.166667 0.362183
0.333333 0.285438
0.500000 0.210142
0.666667 0.334267
1.000000 0.462642
0.833333 0.392949
0.166667 0.313403
0.333333 0.269404
1.000000 0.676696
1.000000 0.724270
0.000000 0.000000
1.000000 0.469452
0.833333 0.183675
0.166667 0.672591
0.333333 0.469693
0.333333 0.057088
0.500000 0.083506
0.666667 0.183772
1.000000 0.143878
0.833333 0.084859
1.000000 0.109587
0.833333 0.084955
0.000000 0.071432
0.666667 0.351461
1.000000 1.000000
0.833333 0.605651
0.166667 0.280415
0.333333 0.268389
0.500000 0.375900
0.666667 0.381019
1.000000 0.689833
0.833333 0.225163
0.166667 0.237527
0.333333 0.239362
0.500000 0.269114
0.333333 0.276213
0.500000 0.493649
0.666667 0.705530
1.000000 0.818546
0.166667 0.264429
0.333333 0.340256
0.500000 0.445593
1.000000 0.911084
0.833333 0.761845
0.666667 0.470466
1.000000 0.861193
0.833333 0.894180
0.666667 0.556870
1.000000 0.665443
0.833333 0.551509
0.166667 0.132094
0.333333 0.247138
0.500000 0.104564
0.666667 0.166192
1.000000 0.425115
0.666667 0.238638
0.833333 0.513789
0.666667 0.178846
1.000000 0.621347
0.833333 0.326878
0.333333 0.249650
0.500000 0.287660
0.166667 0.154552
0.500000 0.301087
0.666667 0.177445
1.000000 0.687080
0.833333 0.346969
0.166667 0.174064
0.333333 0.321758
0.500000 0.317266
0.500000 0.426467
0.666667 0.476262
0.333333 0.219416
0.500000 0.316542
0.666667 0.698237
0.166667 0.260082
0.333333 0.308138
1.000000 1.000000
0.833333 0.658295
1.000000 0.751075
0.833333 0.362473
0.500000 0.273654
0.666667 0.374016
0.166667 0.237044
0.333333 0.270466
1.000000 0.557643
0.833333 0.577831
0.166667 0.231345
0.333333 0.246366
0.500000 0.138469
0.166667 0.146245
1.000000 0.455252
0.666667 0.299589
1.000000 0.675006
0.000000 0.021203
0.166667 0.252355
0.166667 0.854142
0.500000 0.224873
0.666667 0.385414
0.833333 0.531949
0.166667 0.195750
0.333333 0.193963
0.500000 0.202125
0.666667 0.385124
1.000000 0.819029
0.833333 0.609804
0.166667 0.182758
0.333333 0.390244
0.500000 0.927554
0.333333 0.281430
0.500000 0.292586
0.666667 0.588698
1.000000 0.927554
0.833333 0.665588
0.666667 0.470369
1.000000 0.725960
0.833333 0.519971
0.666667 0.471191
1.000000 0.761797
0.833333 0.377590
0.666667 0.373485
0.833333 0.811591
0.666667 0.666699
1.000000 0.596667
0.833333 0.334170
0.166667 0.181212
0.333333 0.115914
0.500000 0.248104
0.166667 0.303067
0.333333 0.095726
0.500000 0.293504
0.166667 0.213475
0.333333 0.318957
0.500000 0.340256
0.166667 0.188409
0.333333 0.344651
0.500000 0.422507
0.666667 0.339966
1.000000 0.624487
0.833333 0.394253
0.166667 0.226419
0.333333 0.249263
0.500000 0.297078
0.166667 0.852258
0.333333 0.657474
0.500000 0.613137
1.000000 0.834678
0.833333 0.829365
0.166667 0.283796
1.000000 0.643081
0.833333 0.405216
0.500000 0.307993
1.000000 0.739387
0.833333 0.400676
0.166667 0.186477
0.333333 0.224583
1.000000 0.767592
0.833333 0.616808
0.500000 0.373436
0.666667 0.513547
0.166667 0.443275
0.333333 0.672978
0.166667 0.159285
0.333333 0.251292
0.166667 0.638010
0.833333 0.528375
0.000000 0.426902
0.500000 0.519874
0.166667 0.810142
0.500000 0.140836
0.666667 0.338131
1.000000 0.896305
0.833333 0.739870
0.666667 0.328568
1.000000 0.749384
0.833333 0.593238
0.166667 0.326153
0.333333 0.479063
0.500000 0.520647
0.666667 0.666168
1.000000 0.927554
0.833333 0.927554
0.166667 0.444723
0.333333 0.360541
0.500000 0.493601
0.166667 0.473895
0.333333 0.508283
0.500000 0.578797
0.666667 0.760299
1.000000 0.927554
0.833333 0.927554
0.666667 0.776044
1.000000 0.927554
0.833333 0.763294
0.333333 0.387249
0.500000 0.519923
0.666667 0.927554
1.000000 0.927554
0.833333 0.603719
0.666667 0.631538
1.000000 0.927554
0.833333 0.712292
0.333333 0.467230
0.500000 0.495146
0.166667 0.337310
0.333333 0.418643
0.500000 0.442019
0.166667 0.606230
0.333333 0.609563
0.500000 0.836127
0.666667 0.803284
1.000000 0.927554
0.833333 0.719971
0.166667 0.395557
0.333333 0.455349
0.500000 0.581888
0.166667 0.693456
0.500000 0.754552
0.166667 0.452837
0.333333 0.473364
1.000000 0.876648
0.166667 0.736537
0.333333 0.534364
1.000000 0.868148
0.166667 0.358319
0.333333 0.410239
0.500000 0.616904
0.666667 0.720261
0.500000 0.541705
0.666667 0.706786
1.000000 0.927554
0.833333 0.888240
1.000000 0.803960
0.833333 0.704274
0.166667 0.295098
0.333333 0.315286
0.666667 0.618788
1.000000 0.519730
0.833333 0.545520
0.166667 0.511905
1.000000 0.927554
0.833333 0.927554
0.166667 0.270321
0.333333 0.340594
0.500000 0.316059
0.666667 0.450181
1.000000 0.742140
0.833333 0.716639
0.666667 0.621299
0.166667 0.326636
0.333333 0.349336
0.500000 0.454238
0.333333 0.440715
0.500000 0.519681
0.666667 0.703019
1.000000 0.927554
0.833333 0.735909
0.166667 0.359285
0.333333 0.629027
0.500000 0.577155
0.666667 0.547790
1.000000 0.927554
0.833333 0.927554
0.166667 0.888578
0.333333 0.484859
0.500000 0.483072
0.166667 0.381744
0.333333 0.400676
0.500000 0.416952
0.666667 0.764018
1.000000 0.927554
0.833333 0.834871
0.166667 0.734943
0.333333 0.752185
0.500000 0.435740
0.333333 0.319778
0.500000 0.801594
0.166667 0.202318
0.333333 0.289399
0.500000 0.271818
0.666667 0.426998
1.000000 0.872108
0.833333 0.663753
0.166667 0.260324
0.333333 0.278339
0.500000 0.364115
0.666667 0.395653
1.000000 0.573871
0.833333 0.324704
0.166667 0.348370
0.333333 0.276407
0.500000 0.343057
1.000000 0.527602
0.833333 0.337406
0.500000 0.228496
0.166667 0.426757
0.333333 0.493842
0.500000 0.246414
0.666667 0.264477
1.000000 0.603767
0.833333 0.485728
1.000000 0.491910
0.833333 0.338614
0.500000 0.337986
0.666667 0.425936
1.000000 0.797730
0.833333 0.716832
0.166667 0.366626
0.333333 0.233663
0.500000 0.311519
0.666667 0.532384
1.000000 0.692828
