1.000000 1.000000
1.000000 0.316783
1.000000 0.302391
1.000000 0.704999
0.666667 1.000000
0.666667 0.832311
1.000000 0.401787
1.000000 0.522048
1.000000 0.186718
1.000000 0.490220
1.000000 0.624487
0.666667 1.000000
0.000000 1.000000
0.000000 1.000000
1.000000 0.665153
0.666667 1.000000
0.000000 0.794204
1.000000 0.224294
1.000000 0.493794
1.000000 0.386863
1.000000 0.326733
1.000000 0.348660
1.000000 0.268438
1.000000 0.391548
0.666667 0.917411
0.666667 0.597295
1.000000 0.264815
1.000000 0.232408
1.000000 0.365371
1.000000 0.274088
1.000000 0.231007
1.000000 0.340208
1.000000 0.272108
1.000000 0.320889
1.000000 0.299493
1.000000 0.224922
1.000000 0.159285
1.000000 0.740159
0.888889 1.000000
0.888889 0.520889
1.000000 0.362183
1.000000 0.285438
1.000000 0.210142
1.000000 0.334267
0.888889 0.462642
0.888889 0.392949
1.000000 0.313403
1.000000 0.269404
0.888889 0.676696
0.888889 0.724270
1.000000 0.000000
0.888889 0.469452
0.888889 0.183675
0.000000 0.672591
0.000000 0.469693
1.000000 0.057088
1.000000 0.083506
0.000000 0.183772
0.666667 0.143878
0.000000 0.084859
0.666667 0.109587
0.000000 0.084955
1.000000 0.071432
1.000000 0.351461
0.000000 1.000000
0.000000 0.605651
1.000000 0.280415
1.000000 0.268389
1.000000 0.375900
1.000000 0.381019
0.666667 0.689833
0.000000 0.225163
1.000000 0.237527
1.000000 0.239362
1.000000 0.269114
1.000000 0.276213
1.000000 0.493649
1.000000 0.705530
0.666667 0.818546
0.000000 0.264429
1.000000 0.340256
1.000000 0.445593
0.666667 0.911084
0.000000 0.761845
1.000000 0.470466
0.666667 0.861193
0.000000 0.894180
1.000000 0.556870
0.666667 0.665443
0.000000 0.551509
1.000000 0.132094
1.000000 0.247138
1.000000 0.104564
1.000000 0.166192
0.666667 0.425115
1.000000 0.238638
0.666667 0.513789
1.000000 0.178846
0.666667 0.621347
0.666667 0.326878
1.000000 0.249650
1.000000 0.287660
1.000000 0.154552
1.000000 0.301087
1.000000 0.177445
0.888889 0.687080
0.888889 0.346969
1.000000 0.174064
1.000000 0.321758
1.000000 0.317266
1.000000 0.426467
1.000000 0.476262
1.000000 0.219416
1.000000 0.316542
1.000000 0.698237
1.000000 0.260082
1.000000 0.308138
0.888889 1.000000
0.888889 0.658295
0.888889 0.751075
0.888889 0.362473
1.000000 0.273654
1.000000 0.374016
1.000000 0.237044
1.000000 0.270466
0.666667 0.557643
0.000000 0.577831
1.000000 0.231345
1.000000 0.246366
1.000000 0.138469
1.000000 0.146245
0.000000 0.455252
1.000000 0.299589
0.000000 0.675006
1.000000 0.021203
1.000000 0.252355
1.000000 0.854142
1.000000 0.224873
1.000000 0.385414
0.000000 0.531949
1.000000 0.195750
1.000000 0.193963
1.000000 0.202125
1.000000 0.385124
0.666667 0.819029
0.666667 0.609804
1.000000 0.182758
1.000000 0.390244
1.000000 0.927554
1.000000 0.281430
1.000000 0.292586
1.000000 0.588698
0.666667 0.927554
0.000000 0.665588
1.000000 0.470369
0.666667 0.725960
0.000000 0.519971
1.000000 0.471191
0.666667 0.761797
0.000000 0.377590
1.000000 0.373485
0.666667 0.811591
1.000000 0.666699
0.666667 0.596667
0.666667 0.334170
1.000000 0.181212
1.000000 0.115914
1.000000 0.248104
1.000000 0.303067
1.000000 0.095726
1.000000 0.293504
1.000000 0.213475
1.000000 0.318957
1.000000 0.340256
1.000000 0.188409
1.000000 0.344651
1.000000 0.422507
1.000000 0.339966
0.888889 0.624487
0.888889 0.394253
1.000000 0.226419
1.000000 0.249263
1.000000 0.297078
1.000000 0.852258
1.000000 0.657474
1.000000 0.613137
0.888889 0.834678
0.888889 0.829365
1.000000 0.283796
0.888889 0.643081
0.888889 0.405216
1.000000 0.307993
0.888889 0.739387
0.888889 0.400676
1.000000 0.186477
1.000000 0.224583
0.666667 0.767592
0.000000 0.616808
1.000000 0.373436
1.000000 0.513547
1.000000 0.443275
1.000000 0.672978
1.000000 0.159285
1.000000 0.251292
1.000000 0.638010
0.000000 0.528375
0.000000 0.426902
1.000000 0.519874
1.000000 0.810142
1.000000 0.140836
1.000000 0.338131
0.666667 0.896305
0.000000 0.739870
1.000000 0.328568
0.666667 0.749384
0.000000 0.593238
1.000000 0.326153
1.000000 0.479063
1.000000 0.520647
1.000000 0.666168
0.666667 0.927554
0.000000 0.927554
1.000000 0.444723
1.000000 0.360541
1.000000 0.493601
1.000000 0.473895
1.000000 0.508283
1.000000 0.578797
1.000000 0.760299
0.666667 0.927554
0.000000 0.927554
1.000000 0.776044
0.666667 0.927554
0.000000 0.763294
1.000000 0.387249
1.000000 0.519923
1.000000 0.927554
0.666667 0.927554
0.666667 0.603719
1.000000 0.631538
0.666667 0.927554
0.666667 0.712292
1.000000 0.467230
1.000000 0.495146
1.000000 0.337310
1.000000 0.418643
1.000000 0.442019
1.000000 0.606230
1.000000 0.609563
1.000000 0.836127
1.000000 0.803284
0.888889 0.927554
0.888889 0.719971
1.000000 0.395557
1.000000 0.455349
1.000000 0.581888
1.000000 0.693456
1.000000 0.754552
1.000000 0.452837
1.000000 0.473364
0.888889 0.876648
0.888889 0.736537
1.000000 0.534364
0.888889 0.868148
1.000000 0.358319
1.000000 0.410239
1.000000 0.616904
1.000000 0.720261
1.000000 0.541705
1.000000 0.706786
0.666667 0.927554
0.000000 0.888240
0.666667 0.803960
0.000000 0.704274
1.000000 0.295098
1.000000 0.315286
1.000000 0.618788
0.666667 0.519730
0.000000 0.545520
1.000000 0.511905
0.000000 0.927554
0.000000 0.927554
1.000000 0.270321
1.000000 0.340594
1.000000 0.316059
1.000000 0.450181
0.666667 0.742140
0.000000 0.716639
1.000000 0.621299
1.000000 0.326636
1.000000 0.349336
1.000000 0.454238
1.000000 0.440715
1.000000 0.519681
1.000000 0.703019
0.000000 0.927554
0.000000 0.735909
1.000000 0.359285
1.000000 0.629027
1.000000 0.577155
1.000000 0.547790
0.666667 0.927554
0.000000 0.927554
0.000000 0.888578
1.000000 0.484859
1.000000 0.483072
1.000000 0.381744
1.000000 0.400676
1.000000 0.416952
1.000000 0.764018
0.666667 0.927554
0.666667 0.834871
1.000000 0.734943
1.000000 0.752185
1.000000 0.435740
1.000000 0.319778
1.000000 0.801594
1.000000 0.202318
1.000000 0.289399
1.000000 0.271818
1.000000 0.426998
0.888889 0.872108
0.888889 0.663753
1.000000 0.260324
1.000000 0.278339
1.000000 0.364115
1.000000 0.395653
0.888889 0.573871
0.888889 0.324704
1.000000 0.348370
1.000000 0.276407
1.000000 0.343057
0.888889 0.527602
0.888889 0.337406
1.000000 0.228496
1.000000 0.426757
0.888889 0.493842
1.000000 0.246414
1.000000 0.264477
0.666667 0.603767
0.000000 0.485728
0.666667 0.491910
0.000000 0.338614
1.000000 0.337986
1.000000 0.425936
0.666667 0.797730
0.000000 0.716832
1.000000 0.366626
0.000000 0.233663
1.000000 0.311519
1.000000 0.532384
0.666667 0.692828
