0.888889 1.000000
0.000000 0.316783
0.000000 0.302391
0.111111 0.704999
0.333333 1.000000
0.333333 0.832311
0.777778 0.401787
0.666667 0.522048
0.222222 0.186718
0.222222 0.490220
0.222222 0.624487
0.000000 1.000000
0.000000 1.000000
0.000000 1.000000
0.000000 0.665153
0.000000 1.000000
0.000000 0.794204
0.888889 0.224294
0.888889 0.493794
0.888889 0.386863
0.222222 0.326733
0.222222 0.348660
0.222222 0.268438
0.111111 0.391548
0.111111 0.917411
0.111111 0.597295
0.777778 0.264815
0.777778 0.232408
0.777778 0.365371
0.222222 0.274088
0.222222 0.231007
0.222222 0.340208
0.666667 0.272108
0.666667 0.320889
0.666667 0.299493
0.444444 0.224922
0.444444 0.159285
0.333333 0.740159
0.333333 1.000000
0.333333 0.520889
0.666667 0.362183
0.666667 0.285438
0.666667 0.210142
0.000000 0.334267
0.333333 0.462642
0.333333 0.392949
0.222222 0.313403
0.222222 0.269404
0.111111 0.676696
0.888889 0.724270
0.888889 0.000000
0.555556 0.469452
0.555556 0.183675
0.333333 0.672591
0.333333 0.469693
0.555556 0.057088
0.555556 0.083506
0.555556 0.183772
0.000000 0.143878
0.000000 0.084859
0.000000 0.109587
0.000000 0.084955
0.111111 0.071432
0.888889 0.351461
0.555556 1.000000
0.777778 0.605651
0.222222 0.280415
0.111111 0.268389
0.000000 0.375900
0.888889 0.381019
0.888889 0.689833
0.666667 0.225163
0.333333 0.237527
0.333333 0.239362
0.333333 0.269114
0.444444 0.276213
0.333333 0.493649
0.222222 0.705530
0.444444 0.818546
1.000000 0.264429
1.000000 0.340256
1.000000 0.445593
0.000000 0.911084
0.000000 0.761845
0.000000 0.470466
0.000000 0.861193
0.111111 0.894180
0.000000 0.556870
0.000000 0.665443
0.000000 0.551509
0.333333 0.132094
0.333333 0.247138
0.333333 0.104564
0.111111 0.166192
0.111111 0.425115
1.000000 0.238638
1.000000 0.513789
0.222222 0.178846
0.222222 0.621347
0.222222 0.326878
0.444444 0.249650
0.444444 0.287660
0.777778 0.154552
0.888889 0.301087
0.777778 0.177445
0.777778 0.687080
0.777778 0.346969
0.555556 0.174064
0.555556 0.321758
0.555556 0.317266
1.000000 0.426467
1.000000 0.476262
0.222222 0.219416
0.000000 0.316542
0.000000 0.698237
0.666667 0.260082
0.666667 0.308138
0.555556 1.000000
0.555556 0.658295
0.333333 0.751075
0.333333 0.362473
0.666667 0.273654
0.444444 0.374016
0.111111 0.237044
0.111111 0.270466
0.888889 0.557643
0.888889 0.577831
0.666667 0.231345
0.777778 0.246366
1.000000 0.138469
0.888889 0.146245
0.444444 0.455252
0.333333 0.299589
0.222222 0.675006
0.000000 0.021203
0.888889 0.252355
0.111111 0.854142
0.111111 0.224873
0.444444 0.385414
0.333333 0.531949
0.888889 0.195750
0.555556 0.193963
0.444444 0.202125
0.000000 0.385124
0.000000 0.819029
0.000000 0.609804
0.666667 0.182758
0.777778 0.390244
0.888889 0.927554
0.444444 0.281430
0.666667 0.292586
1.000000 0.588698
1.000000 0.927554
1.000000 0.665588
0.333333 0.470369
0.222222 0.725960
0.333333 0.519971
0.111111 0.471191
0.111111 0.761797
0.111111 0.377590
0.222222 0.373485
0.222222 0.811591
0.666667 0.666699
0.555556 0.596667
0.444444 0.334170
0.000000 0.181212
0.000000 0.115914
0.000000 0.248104
0.555556 0.303067
0.555556 0.095726
0.555556 0.293504
0.555556 0.213475
0.666667 0.318957
0.666667 0.340256
0.333333 0.188409
0.333333 0.344651
0.333333 0.422507
0.111111 0.339966
0.111111 0.624487
0.111111 0.394253
1.000000 0.226419
1.000000 0.249263
1.000000 0.297078
0.666667 0.852258
0.666667 0.657474
0.666667 0.613137
0.777778 0.834678
0.666667 0.829365
1.000000 0.283796
0.555556 0.643081
0.555556 0.405216
0.888889 0.307993
0.000000 0.739387
0.000000 0.400676
0.333333 0.186477
0.444444 0.224583
0.777778 0.767592
0.777778 0.616808
0.111111 0.373436
0.111111 0.513547
0.222222 0.443275
0.222222 0.672978
0.222222 0.159285
0.222222 0.251292
0.333333 0.638010
1.000000 0.528375
1.000000 0.426902
0.777778 0.519874
0.888889 0.810142
0.888889 0.140836
0.666667 0.338131
0.444444 0.896305
0.444444 0.739870
0.555556 0.328568
0.777778 0.749384
0.777778 0.593238
1.000000 0.326153
1.000000 0.479063
1.000000 0.520647
0.111111 0.666168
0.111111 0.927554
0.111111 0.927554
0.888889 0.444723
0.777778 0.360541
0.777778 0.493601
0.222222 0.473895
0.222222 0.508283
0.222222 0.578797
0.444444 0.760299
0.444444 0.927554
0.333333 0.927554
0.444444 0.776044
0.444444 0.927554
0.444444 0.763294
0.888889 0.387249
0.888889 0.519923
0.555556 0.927554
0.555556 0.927554
0.555556 0.603719
0.222222 0.631538
0.444444 0.927554
0.333333 0.712292
0.222222 0.467230
0.333333 0.495146
0.888889 0.337310
0.888889 0.418643
0.888889 0.442019
0.111111 0.606230
0.111111 0.609563
0.111111 0.836127
0.666667 0.803284
0.666667 0.927554
0.666667 0.719971
0.444444 0.395557
0.555556 0.455349
0.555556 0.581888
1.000000 0.693456
1.000000 0.754552
0.444444 0.452837
0.444444 0.473364
0.333333 0.876648
0.222222 0.736537
0.222222 0.534364
0.666667 0.868148
0.333333 0.358319
0.333333 0.410239
0.111111 0.616904
0.111111 0.720261
0.777778 0.541705
0.777778 0.706786
0.888889 0.927554
0.888889 0.888240
1.000000 0.803960
1.000000 0.704274
0.444444 0.295098
0.444444 0.315286
0.111111 0.618788
1.000000 0.519730
0.777778 0.545520
0.666667 0.511905
0.000000 0.927554
0.222222 0.927554
0.555556 0.270321
0.333333 0.340594
0.666667 0.316059
0.333333 0.450181
0.555556 0.742140
0.555556 0.716639
1.000000 0.621299
0.333333 0.326636
0.444444 0.349336
0.444444 0.454238
0.444444 0.440715
0.333333 0.519681
0.777778 0.703019
0.888889 0.927554
0.888889 0.735909
0.000000 0.359285
0.000000 0.629027
0.000000 0.577155
0.111111 0.547790
0.111111 0.927554
0.111111 0.927554
0.777778 0.888578
0.777778 0.484859
0.777778 0.483072
0.555556 0.381744
0.444444 0.400676
0.555556 0.416952
0.000000 0.764018
0.000000 0.927554
0.000000 0.834871
0.222222 0.734943
0.222222 0.752185
0.222222 0.435740
1.000000 0.319778
1.000000 0.801594
0.111111 0.202318
0.111111 0.289399
0.111111 0.271818
0.333333 0.426998
0.333333 0.872108
0.333333 0.663753
0.777778 0.260324
0.666667 0.278339
0.666667 0.364115
0.888889 0.395653
0.888889 0.573871
0.888889 0.324704
0.777778 0.348370
0.777778 0.276407
0.777778 0.343057
0.000000 0.527602
0.000000 0.337406
0.666667 0.228496
0.444444 0.426757
0.444444 0.493842
0.333333 0.246414
0.333333 0.264477
0.666667 0.603767
0.555556 0.485728
0.111111 0.491910
0.111111 0.338614
0.888889 0.337986
0.888889 0.425936
0.222222 0.797730
0.222222 0.716832
0.888889 0.366626
0.222222 0.233663
0.555556 0.311519
0.666667 0.532384
0.666667 0.692828
