1	15.2	22000
2	15.5	7854
3	11.9	7556
4	15.8	15892
5	16.5	22000
6	13.9	18528
7	15.8	9614
8	17.3	12104
9	14.2	5161
10	14.9	11445
11	16.2	14225
12	14.9	22000
13	13.9	22000
14	11.9	22000
15	19	15067
16	20.2	22000
17	20.6	17739
18	18.1	5939
19	18.6	11519
20	21.2	9305
21	22.6	8060
22	22.3	8514
23	23.7	6853
24	24.9	9402
25	25.7	20290
26	23.9	13662
27	23.7	6778
28	23.2	6107
29	19.6	8860
30	21.6	6970
31	23.3	6078
32	23.8	8339
33	23	6929
34	23.1	7939
35	24.2	7496
36	25.4	5952
37	20.7	4593
38	26.8	16620
39	25.2	22000
40	23.4	12080
41	26.6	8794
42	27.9	7205
43	29.1	5646
44	27.4	8216
45	26.1	10874
46	24.6	9431
47	25.3	7784
48	24.6	6873
49	25.4	15306
50	25.2	16291
51	24.5	1295
52	23.2	11015
53	22.4	5098
54	22.5	15221
55	21.9	11020
56	20.7	2477
57	20.1	3024
58	17.4	5100
59	17.8	4274
60	17.9	3052
61	20.3	3564
62	17.5	3054
63	17.8	2774
64	14.2	8572
65	11.4	22000
66	13.2	13835
67	8.3	7101
68	9.3	6852
69	10.8	9078
70	12.1	9184
71	15.2	15578
72	17.2	5957
73	14.3	6213
74	13.9	6251
75	14.5	6867
76	17.8	7014
77	19.6	11516
78	20.2	15903
79	20.2	18243
80	15.8	6770
81	20.1	8340
82	22.1	10521
83	19.6	20159
84	19.2	17069
85	21.2	11036
86	20.9	19126
87	21.1	19809
88	23.9	12825
89	19.2	15073
90	21.8	12714
91	22.5	4030
92	24.4	6412
93	23.1	3460
94	25.7	4736
95	24.3	10097
96	23.7	6236
97	21.8	11933
98	21.9	4998
99	21.7	14160
100	24	8063
101	22.5	6464
102	22.9	7251
103	25.8	4495
104	25.6	7529
105	25.4	4969
106	27.4	15521
107	28	8479
108	25.9	4899
109	29	7957
110	29.3	7864
111	29.7	10125
112	30	11156
113	23.8	5838
114	25.8	7849
115	26.2	15752
116	25.9	6680
117	26.2	7675
118	24.9	22000
119	25.4	14925
120	23.9	16846
121	24.4	8800
122	23.5	6961
123	24.2	9039
124	21.9	6203
125	22.2	6895
126	19.6	12841
127	19.9	13259
128	21.2	6085
129	20	6396
130	22.2	4162
131	22.7	4323
132	21.6	10721
133	17.1	7498
134	18.6	15271
135	20	1734
136	19.4	6520
137	12.9	18980 
138	13	5951 
139	15.9	9275 
140	12.6	12309 
141	14.3	5348 
142	16	5311 
143	15.1	5480 
144	15.5	9269 
145	17	18253 
146	19.3	13921 
147	15.5	5079 
148	16.6	9375 
149	18.5	20500 
150	17.1	7122 
151	19	7353 
152	18.3	13484 
153	20.1	20500 
154	19.3	15076 
155	22.9	11034 
156	23.7	16326 
157	23.5	12061 
158	23.3	11051 
159	21.5	17068 
160	20.7	9113 
161	22.7	9028 
162	21	18099 
163	23.7	15099 
164	24.3	13649 
165	24.1	8214 
166	23.6	5047 
167	22.3	3695 
168	21.8	6432 
169	25.4	7570 
170	22.8	3277 
171	25.2	7372 
172	22.9	5715 
173	23	7899 
174	24.8	8340 
175	24.5	5196 
176	26.6	8431 
177	25.8	10043 
178	27.3	8334 
179	27.9	14225 
180	29.3	9458 
181	29.8	5983 
182	28.8	6456 
183	29.7	7446 
184	28.1	18941 
185	26.6	14908 
186	28.6	13990 
187	30.1	18577 
188	29.5	18467 
189	28.7	7171 
190	29.9	14610 
191	29.9	9685 
192	28.8	7672 
193	22.2	16604 
194	20.4	9591 
195	22.7	5156 
196	24.6	5945 
197	25.8	17188 
198	26.9	14066 
199	23.9	9027 
200	24.2	11928 
201	24.8	10473 
202	24.3	15229 
203	21.2	4593 
204	20.4	6498 
205	25.7	14505 
206	23.5	12235 
207	24	10134 
208	20.1	12059 
209	14.8	18069 
210	14.3	4211 
211	15.3	8296 
212	16.8	19853 
213	15.9	16614 
214	15.6	8098 
215	18.8	16811 
216	20.3	13578 
217	18.4	8048 
218	15.6	11214 
219	14	12075 
220	15.8	15088 
221	18.6	20500 
222	20.1	20500 
223	14.4	10503 
224	15.7	8760 
225	21.3	11515 
226	17.6	11107 
227	19	11819 
228	20.8	13279 
229	21.9	17037 
230	21.2	20500 
231	21.2	20500 
232	17	17363 
233	19.1	20500 
234	22.1	17099 
235	18.3	9313 
236	20.6	12060 
237	22.5	20500 
238	23.2	20500 
239	24	13795 
240	25.2	14371 
241	24.6	20500 
242	25.2	16043 
243	24.2	10969 
244	25.5	11547 
245	23.9	8279 
246	25.1	9963 
247	24.5	10447 
248	26.5	13847 
249	28	13916 
250	28.5	18607 
251	30.7	17927 
252	29.7	20500 
253	29.1	16202 
254	29.4	9485 
255	28.9	10723 
256	28.7	13343 
257	27.8	15653 
258	28.9	16918 
259	29.1	10671 
260	27.8	11096 
261	27.2	19446 
262	24.9	16545 
263	26.6	12359 
264	26.9	19270 
265	26.9	8714 
266	29.3	9789 
267	23.2	14068 
268	24.1	16208 
269	22.2	12511 
270	23	15929 
271	24	20500 
272	24.6	19686 
273	21.4	17941 
274	23.7	15877 
275	23.7	7405 
276	21.2	7823 
277	21.7	14107 
278	21.9	12056 
279	23.3	12590 
280	25.3	11894 
281	9.8	20500 
282	12	20500 
283	14.5	6892 
284	15.6	8347 
285	17	7839 
286	9.3	10616 
287	5	16661 
288	9.5	16133 
289	14.8	14159 
290	14	8058 
291	13.8	8528 
292	15.2	10700 
293	15.9	10420 
294	15.9	12055 
295	14.8	15851 
296	18.4	20500 
297	17.2	16532 
298	18.1	8734 
299	16.8	14319 
300	17	13245 
301	20.7	12637 
302	18.2	20500 
303	18.5	20500 
304	19.4	19693 
305	19.1	11334 
306	19.6	11297 
307	23.6	9199 
308	21.6	9591 
309	20.1	9928 
310	23.9	17114 
311	25	20500 
312	24.1	18581 
313	21.4	16512 
314	22.6	16869 
315	22.8	10317 
316	22.9	7916 
317	24.1	17892 
318	26.6	5484 
319	26.7	7287 
320	25.3	6923 
321	23.5	10136 
322	24.4	19352 
323	24	15038 
324	29.2	6685 
325	29.3	7058 
326	29.5	8834 
327	30.8	9487 
328	30.5	13177 
329	29.5	8018 
330	31	8508 
331	31.5	7018 
332	32	8398 
333	30.3	12219 
334	30.1	8281 
335	30.3	6026 
336	31.2	10131 
337	30.8	11520 
338	23.3	6397 
339	21.2	6771 
340	20.2	13796 
341	21.2	11352 
342	23.3	11480 
343	23.5	8306 
344	21.3	8293 
345	20.2	10114 
346	20.6	17812 
347	19.3	16137 
348	17.4	8886 
349	14.5	6133 
350	12.3	7745 
351	12.4	12318 
352	13	15640 
