0.377778 1.000000
0.388889 0.316783
0.255556 0.302391
0.400000 0.704999
0.425926 1.000000
0.329630 0.832311
0.400000 0.401787
0.455556 0.522048
0.340741 0.186718
0.366667 0.490220
0.414815 0.624487
0.366667 1.000000
0.329630 1.000000
0.255556 1.000000
0.518519 0.665153
0.562963 1.000000
0.577778 0.794204
0.485185 0.224294
0.503704 0.493794
0.600000 0.386863
0.651852 0.326733
0.640741 0.348660
0.692593 0.268438
0.737037 0.391548
0.766667 0.917411
0.700000 0.597295
0.692593 0.264815
0.674074 0.232408
0.540741 0.365371
0.614815 0.274088
0.677778 0.231007
0.696296 0.340208
0.666667 0.272108
0.670370 0.320889
0.711111 0.299493
0.755556 0.224922
0.581482 0.159285
0.807407 0.740159
0.748148 1.000000
0.681481 0.520889
0.800000 0.362183
0.848148 0.285438
0.892593 0.210142
0.829630 0.334267
0.781482 0.462642
0.725926 0.392949
0.751852 0.313403
0.725926 0.269404
0.755556 0.676696
0.748148 0.724270
0.722222 0.000000
0.674074 0.469452
0.644444 0.183675
0.648148 0.672591
0.625926 0.469693
0.581482 0.057088
0.559259 0.083506
0.459259 0.183772
0.474074 0.143878
0.477778 0.084859
0.566667 0.109587
0.462963 0.084955
0.474074 0.071432
0.340741 0.351461
0.237037 1.000000
0.303704 0.605651
0.122222 0.280415
0.159259 0.268389
0.214815 0.375900
0.262963 0.381019
0.377778 0.689833
0.451852 0.225163
0.344444 0.237527
0.329630 0.239362
0.351852 0.269114
0.474074 0.276213
0.540741 0.493649
0.562963 0.705530
0.562963 0.818546
0.400000 0.264429
0.559259 0.340256
0.633333 0.445593
0.540741 0.911084
0.525926 0.761845
0.600000 0.470466
0.588889 0.861193
0.596296 0.894180
0.700000 0.556870
0.525926 0.665443
0.622222 0.551509
0.648148 0.132094
0.718518 0.247138
0.670370 0.104564
0.766667 0.166192
0.714815 0.425115
0.692593 0.238638
0.622222 0.513789
0.625926 0.178846
0.618519 0.621347
0.703704 0.326878
0.648148 0.249650
0.662963 0.287660
0.770370 0.154552
0.762963 0.301087
0.755556 0.177445
0.829630 0.687080
0.851852 0.346969
0.774074 0.174064
0.888889 0.321758
0.900000 0.317266
0.914815 0.426467
0.925926 0.476262
0.696296 0.219416
0.770370 0.316542
0.785185 0.698237
0.774074 0.260082
0.785185 0.308138
0.737037 1.000000
0.755556 0.658295
0.700000 0.751075
0.718518 0.362473
0.685185 0.273654
0.711111 0.374016
0.625926 0.237044
0.637037 0.270466
0.540741 0.557643
0.551852 0.577831
0.600000 0.231345
0.555556 0.246366
0.637037 0.138469
0.655556 0.146245
0.614815 0.455252
0.448148 0.299589
0.503704 0.675006
0.555556 0.021203
0.533333 0.252355
0.292593 0.854142
0.296296 0.224873
0.403704 0.385414
0.281482 0.531949
0.344444 0.195750
0.407407 0.193963
0.374074 0.202125
0.388889 0.385124
0.444444 0.819029
0.529630 0.609804
0.388889 0.182758
0.429630 0.390244
0.500000 0.927554
0.448148 0.281430
0.518519 0.292586
0.492593 0.588698
0.559259 0.927554
0.529630 0.665588
0.662963 0.470369
0.692593 0.725960
0.685185 0.519971
0.677778 0.471191
0.611111 0.761797
0.581482 0.377590
0.655556 0.373485
0.592593 0.811591
0.692593 0.666699
0.714815 0.596667
0.707407 0.334170
0.688889 0.181212
0.640741 0.115914
0.622222 0.248104
0.755556 0.303067
0.659259 0.095726
0.748148 0.293504
0.662963 0.213475
0.666667 0.318957
0.733333 0.340256
0.722222 0.188409
0.800000 0.344651
0.770370 0.422507
0.825926 0.339966
0.848148 0.624487
0.900000 0.394253
0.918518 0.226419
0.881481 0.249263
0.914815 0.297078
0.855556 0.852258
0.800000 0.657474
0.874074 0.613137
0.929630 0.834678
0.907407 0.829365
0.877778 0.283796
0.922222 0.643081
0.922222 0.405216
0.881481 0.307993
0.637037 0.739387
0.570370 0.400676
0.655556 0.186477
0.725926 0.224583
0.770370 0.767592
0.811111 0.616808
0.700000 0.373436
0.711111 0.513547
0.733333 0.443275
0.714815 0.672978
0.600000 0.159285
0.570370 0.251292
0.766667 0.638010
0.685185 0.528375
0.703704 0.426902
0.559259 0.519874
0.362963 0.810142
0.344444 0.140836
0.381481 0.338131
0.437037 0.896305
0.403704 0.739870
0.392593 0.328568
0.511111 0.749384
0.566667 0.593238
0.496296 0.326153
0.392593 0.479063
0.333333 0.520647
0.400000 0.666168
0.503704 0.927554
0.559259 0.927554
0.348148 0.444723
0.396296 0.360541
0.603704 0.493601
0.466667 0.473895
0.518519 0.508283
0.585185 0.578797
0.625926 0.760299
0.600000 0.927554
0.600000 0.927554
0.444444 0.776044
0.522222 0.927554
0.633333 0.763294
0.492593 0.387249
0.577778 0.519923
0.648148 0.927554
0.674074 0.927554
0.703704 0.603719
0.748148 0.631538
0.725926 0.927554
0.748148 0.712292
0.711111 0.467230
0.759259 0.495146
0.700000 0.337310
0.744444 0.418643
0.722222 0.442019
0.796296 0.606230
0.851852 0.609563
0.870370 0.836127
0.951852 0.803284
0.914815 0.927554
0.892593 0.719971
0.903704 0.395557
0.885185 0.455349
0.877778 0.581888
0.844444 0.693456
0.885185 0.754552
0.892593 0.452837
0.844444 0.473364
0.822222 0.876648
0.737037 0.736537
0.800000 0.534364
0.811111 0.868148
0.811111 0.358319
0.900000 0.410239
0.674074 0.616904
0.707407 0.720261
0.637037 0.541705
0.666667 0.706786
0.703704 0.927554
0.725926 0.888240
0.607407 0.803960
0.692593 0.704274
0.692593 0.295098
0.600000 0.315286
0.618519 0.618788
0.625926 0.519730
0.677778 0.545520
0.751852 0.511905
0.177778 0.927554
0.259259 0.927554
0.351852 0.270321
0.392593 0.340594
0.444444 0.316059
0.159259 0.450181
0.000000 0.742140
0.166667 0.716639
0.362963 0.621299
0.333333 0.326636
0.325926 0.349336
0.377778 0.454238
0.403704 0.440715
0.403704 0.519681
0.362963 0.703019
0.496296 0.927554
0.451852 0.735909
0.485185 0.359285
0.437037 0.629027
0.444444 0.577155
0.581482 0.547790
0.488889 0.927554
0.500000 0.927554
0.533333 0.888578
0.522222 0.484859
0.540741 0.483072
0.688889 0.381744
0.614815 0.400676
0.559259 0.416952
0.700000 0.764018
0.740741 0.927554
0.707407 0.834871
0.607407 0.734943
0.651852 0.752185
0.659259 0.435740
0.662963 0.319778
0.707407 0.801594
0.800000 0.202318
0.803704 0.289399
0.751852 0.271818
0.685185 0.426998
0.718518 0.872108
0.703704 0.663753
0.896296 0.260324
0.900000 0.278339
0.907407 0.364115
0.955555 0.395653
0.944444 0.573871
0.907407 0.324704
0.962963 0.348370
0.981481 0.276407
1.000000 0.343057
0.937037 0.527602
0.929630 0.337406
0.937037 0.228496
0.970370 0.426757
0.955555 0.493842
0.677778 0.246414
0.600000 0.264477
0.562963 0.603767
0.600000 0.485728
0.677778 0.491910
0.685185 0.338614
0.603704 0.337986
0.562963 0.425936
0.577778 0.797730
0.529630 0.716832
0.459259 0.366626
0.351852 0.233663
0.270370 0.311519
0.274074 0.532384
0.296296 0.692828
