0.946142 0.500000
0.946142 0.625000
0.303867 0.750000
0.031561 0.750000
0.196402 0.500000
0.247747 0.375000
0.457829 0.500000
0.270260 0.500000
0.299415 0.250000
0.327277 0.375000
0.157732 0.375000
0.335751 0.375000
0.315069 0.375000
0.113425 0.375000
0.204266 0.375000
0.159671 0.375000
0.423252 0.500000
0.438871 0.500000
0.205917 0.500000
0.301892 0.500000
0.185631 0.500000
0.443467 0.500000
0.443467 0.500000
0.145596 0.500000
0.231805 0.625000
0.780762 0.500000
1.000000 0.500000
0.950594 0.500000
0.305878 0.500000
0.457829 0.375000
0.175039 0.375000
0.849557 0.375000
0.946142 0.375000
0.946142 0.375000
0.240243 0.375000
0.227389 0.375000
0.311264 0.375000
0.341819 0.375000
0.353704 0.375000
0.353704 0.375000
0.371656 0.375000
0.378837 0.375000
0.457829 0.375000
0.166888 0.375000
0.579333 0.375000
0.844638 0.375000
0.808409 0.375000
0.316613 0.375000
0.457829 0.375000
0.457829 0.375000
0.265736 0.375000
0.335751 0.375000
0.163657 0.375000
0.341819 0.375000
0.443467 0.375000
0.443467 0.375000
0.188144 0.250000
0.296327 0.250000
0.199454 0.250000
0.150300 0.250000
0.112276 0.500000
0.221428 0.250000
0.180748 0.250000
0.220638 0.250000
0.095616 0.250000
0.466195 0.250000
0.817637 0.250000
0.917849 0.250000
0.080967 0.250000
0.086316 0.375000
0.093677 0.500000
0.634627 0.500000
0.616603 0.625000
0.550070 0.625000
0.098955 0.625000
0.052781 0.625000
0.082259 0.625000
0.239237 0.625000
0.172633 0.625000
0.377222 0.625000
0.446304 0.625000
0.113461 0.625000
0.244767 0.625000
0.459229 0.625000
0.553194 0.625000
0.178809 0.625000
0.250655 0.625000
0.051524 0.625000
0.153819 0.625000
0.154968 0.625000
0.562493 0.625000
0.599296 0.625000
0.517935 0.625000
0.885031 0.625000
0.961904 0.625000
0.457829 0.500000
0.250332 0.625000
0.222505 0.500000
0.168468 0.625000
0.222039 0.500000
0.282539 0.500000
0.161215 0.500000
0.245988 0.500000
0.285699 0.500000
0.457829 0.500000
0.295142 0.500000
0.410865 0.500000
0.429249 0.500000
0.436537 0.500000
0.229579 0.500000
0.260457 0.500000
0.239632 0.500000
0.990270 0.500000
0.089440 0.500000
0.069513 0.500000
0.048759 0.500000
0.122581 0.500000
0.128757 0.500000
0.161359 0.500000
0.096442 0.500000
0.885785 0.500000
0.665111 0.625000
0.050160 0.500000
0.069477 0.500000
0.074504 0.500000
0.842770 0.500000
0.085527 0.500000
0.069513 0.500000
0.110050 0.500000
0.143298 0.500000
0.900578 0.500000
0.666691 0.500000
0.180532 0.500000
0.425514 0.500000
0.277620 0.125000
0.318911 0.125000
0.093785 0.125000
0.893469 0.375000
0.946142 0.500000
0.946142 0.375000
0.217371 0.375000
0.184338 0.375000
0.186672 0.375000
0.209292 0.375000
0.425514 0.500000
0.425514 0.375000
0.092349 0.500000
0.142077 0.375000
0.159061 0.500000
0.571721 0.500000
0.946142 0.500000
0.946142 0.250000
0.286130 0.500000
0.281175 0.500000
0.355176 0.500000
0.184230 0.500000
0.245629 0.500000
0.282360 0.625000
0.358048 0.500000
0.425514 0.625000
0.426125 0.625000
0.967685 0.625000
0.967685 0.500000
0.155147 0.500000
0.164482 0.375000
0.905748 0.250000
1.000000 0.375000
1.000000 0.375000
0.287279 0.375000
0.425514 0.250000
0.317080 0.375000
0.282970 0.500000
0.224444 0.500000
0.407562 0.375000
0.286597 0.375000
0.381387 0.375000
0.217335 0.375000
0.425514 0.375000
0.425514 0.375000
0.425514 0.375000
0.751750 0.375000
0.838067 0.375000
0.946142 0.250000
0.837385 0.250000
0.967685 0.250000
0.967685 0.125000
0.300205 0.125000
0.304513 0.125000
0.321030 0.125000
0.264299 0.125000
0.371656 0.250000
0.371656 0.125000
0.271049 0.250000
0.271839 0.250000
0.269865 0.250000
0.425514 0.250000
0.425514 0.125000
0.425514 0.250000
0.317798 0.250000
0.228394 0.250000
0.242253 0.250000
0.554702 0.250000
0.407131 0.250000
0.311192 0.125000
0.425514 0.125000
0.197587 0.125000
0.192668 0.125000
0.170586 0.125000
0.147356 0.125000
0.946142 0.000000
0.946142 0.125000
0.946142 0.125000
0.301066 0.125000
0.239058 0.125000
0.335751 0.000000
0.335751 0.125000
0.335751 0.000000
0.216402 0.125000
0.254569 0.000000
0.257298 0.000000
0.425514 0.000000
0.364691 0.125000
0.425514 0.125000
0.228179 0.125000
0.425514 0.125000
0.386413 0.125000
0.946142 0.125000
0.690711 0.125000
0.821622 0.125000
0.967685 0.125000
0.967685 0.125000
0.847869 0.125000
0.142042 0.125000
0.181430 0.125000
0.246239 0.125000
0.315141 0.125000
0.335751 0.125000
0.335751 0.125000
0.235898 0.125000
0.228430 0.125000
0.299989 0.125000
0.298409 0.250000
0.425514 0.250000
0.425514 0.250000
0.357869 0.250000
0.764174 0.250000
0.956483 0.375000
0.269111 0.375000
0.425514 0.250000
0.374062 0.125000
0.201142 0.125000
0.711070 0.250000
0.425514 0.250000
0.601307 0.375000
0.851675 0.375000
0.624179 0.375000
0.309432 0.375000
0.255862 0.375000
0.373308 0.375000
0.202075 0.375000
0.374385 0.375000
0.285591 0.375000
0.610463 0.375000
0.110409 0.375000
0.178019 0.375000
0.184697 0.375000
0.967685 0.500000
0.867007 0.625000
0.425514 0.500000
0.175721 0.625000
0.703170 0.500000
0.946142 0.375000
0.946142 0.500000
0.368928 0.375000
0.265017 0.500000
0.317332 0.500000
0.248968 0.500000
0.425514 0.625000
0.186277 0.750000
0.946142 0.750000
0.946142 0.625000
0.946142 0.750000
0.180101 0.750000
0.275035 0.750000
0.425514 0.750000
0.341855 0.625000
0.357294 0.750000
0.357294 0.750000
0.357294 0.625000
0.435352 0.500000
0.425514 0.625000
0.425514 0.750000
0.309684 0.750000
0.290187 0.750000
0.264515 0.750000
0.982047 0.750000
0.982047 0.750000
0.982047 0.750000
0.235898 0.750000
0.365409 0.750000
0.259811 0.750000
0.317367 0.750000
0.425514 0.625000
0.425514 0.375000
0.946142 0.625000
0.812754 0.750000
0.920972 0.750000
0.693332 0.750000
0.967685 0.750000
0.967685 0.750000
0.425514 0.750000
0.425514 0.750000
0.324405 0.750000
0.982047 0.750000
0.982047 0.750000
0.320096 0.750000
0.359125 0.750000
0.425514 0.750000
0.371656 0.750000
0.371656 0.750000
0.371656 0.750000
0.233349 0.750000
0.268393 0.750000
0.293203 0.750000
0.332519 0.750000
0.425514 0.750000
0.349718 0.750000
0.869197 0.750000
0.946142 0.750000
0.917525 0.625000
0.276076 0.625000
0.352447 0.625000
0.201573 0.500000
0.234534 0.625000
0.425514 0.625000
0.425514 0.625000
0.302467 0.500000
0.276579 0.500000
0.100032 0.625000
0.080859 0.625000
0.197156 0.500000
0.160353 0.500000
0.164303 0.625000
0.198880 0.500000
0.282072 0.500000
0.425514 0.500000
0.284586 0.500000
0.758393 0.625000
0.809019 0.625000
0.860400 0.625000
0.946142 0.500000
0.946142 0.500000
0.669958 0.500000
0.169617 0.500000
0.169940 0.500000
0.188898 0.375000
0.372518 0.375000
0.265161 0.375000
0.641341 0.500000
0.613838 0.500000
0.864206 0.500000
0.686869 0.500000
0.134214 0.500000
0.086245 0.625000
0.054361 0.625000
0.293131 0.500000
0.240853 0.500000
0.195361 0.500000
0.123838 0.500000
0.304298 0.500000
0.187175 0.500000
0.483717 0.500000
0.058167 0.500000
0.054145 0.500000
0.108075 0.500000
0.780977 0.500000
0.659402 0.500000
0.455064 0.500000
0.138523 0.500000
0.000000 0.500000
0.195576 0.500000
0.539550 0.500000
0.453880 0.500000
0.199382 0.500000
0.069764 0.500000
0.114179 0.625000
0.125741 0.625000
0.245198 0.625000
0.231230 0.625000
0.197587 0.625000
0.146637 0.500000
0.111773 0.500000
0.170299 0.500000
0.182184 0.500000
0.304154 0.500000
0.307422 0.500000
0.315213 0.500000
0.048724 0.500000
0.212667 0.500000
0.425514 0.000000
0.425514 0.375000
0.231195 0.250000
0.176008 0.125000
0.177803 0.125000
0.499803 0.000000
0.681017 0.000000
0.241607 0.000000
0.266023 0.000000
0.231302 0.250000
0.189113 0.000000
0.366091 0.000000
0.267890 0.000000
0.694517 0.000000
0.967685 0.000000
0.140641 0.000000
0.109116 0.000000
0.425514 0.000000
0.425514 0.000000
0.425514 0.000000
0.946142 0.000000
0.946142 0.000000
0.946142 0.125000
0.425514 0.125000
0.425514 0.125000
0.425514 0.000000
0.311838 0.125000
0.244731 0.125000
0.301641 0.375000
0.407562 0.375000
0.418333 0.375000
0.425514 0.375000
0.338372 0.375000
0.425514 0.375000
0.946142 0.375000
0.946142 0.250000
0.946142 0.375000
0.265700 0.250000
0.287710 0.250000
0.300241 0.250000
0.294603 0.250000
0.425514 0.375000
0.425514 0.375000
0.339557 0.250000
0.425514 0.375000
0.339449 0.500000
0.293813 0.375000
0.436825 0.500000
0.793724 0.625000
0.425514 0.625000
0.425514 0.500000
0.425514 0.500000
0.125848 0.500000
0.157876 0.500000
0.194284 0.500000
0.425514 0.375000
0.340311 0.375000
0.202004 0.375000
0.218233 0.250000
0.310510 0.375000
0.300241 0.500000
0.296722 0.500000
0.299630 0.500000
0.256113 0.500000
0.207353 0.500000
0.562960 0.500000
0.373308 0.500000
0.946142 0.625000
0.297153 0.500000
0.228179 0.500000
0.665937 0.500000
0.853973 0.500000
0.946142 0.625000
0.294101 0.625000
0.429464 0.625000
0.295357 0.625000
0.239237 0.625000
0.212632 0.625000
0.175505 0.625000
0.196618 0.625000
0.194499 0.625000
0.418333 0.625000
0.481168 0.625000
0.208072 0.625000
0.225809 0.625000
0.201788 0.625000
0.120857 0.625000
0.563534 0.750000
0.740512 0.750000
0.169868 0.750000
0.222793 0.750000
0.319737 0.750000
0.188144 0.750000
0.092205 0.750000
0.334387 0.750000
0.255323 0.750000
0.087358 0.750000
0.079674 0.750000
0.091810 0.750000
0.171161 0.750000
0.108721 0.750000
0.136871 0.750000
0.146673 0.750000
0.494417 0.750000
0.576568 0.750000
0.253851 0.750000
0.105346 0.750000
0.069190 0.750000
0.067323 0.750000
0.591577 0.750000
0.476069 0.750000
0.063840 0.750000
0.074683 0.750000
0.199634 0.750000
0.045492 0.750000
0.093605 0.750000
0.842735 0.750000
0.622132 0.750000
0.043302 0.750000
0.019138 0.750000
0.151197 0.750000
0.256616 0.875000
0.413558 0.750000
0.037988 0.875000
0.181071 0.750000
0.018814 0.750000
0.158630 0.875000
0.267603 0.875000
0.335751 0.000000
0.329647 0.125000
0.766615 0.000000
0.258698 0.000000
0.247998 0.750000
0.698934 0.375000
0.827582 0.375000
0.861728 0.375000
0.244515 0.375000
0.278087 0.250000
0.307709 0.500000
0.547305 0.625000
0.766615 0.500000
0.641952 0.625000
0.321891 0.625000
0.411296 0.625000
0.443934 0.625000
0.691824 0.625000
0.803167 0.625000
0.793831 0.750000
0.910237 0.750000
0.653513 0.750000
0.162005 0.750000
0.387634 0.750000
0.487451 0.750000
0.766615 0.750000
0.766615 0.750000
0.766615 0.750000
0.282252 0.750000
0.443467 0.750000
0.388532 0.625000
0.142652 0.625000
0.145058 0.625000
0.190909 0.625000
0.517683 0.625000
0.766615 0.625000
0.613622 0.625000
0.189939 0.625000
0.390291 0.625000
0.310797 0.750000
0.408926 0.750000
0.408926 0.750000
0.408926 0.750000
0.266095 0.625000
0.282396 0.625000
0.222757 0.750000
0.314280 0.750000
0.705217 0.750000
0.467236 0.750000
0.193638 0.750000
0.328498 0.750000
0.293311 0.750000
0.910237 0.750000
0.910237 0.750000
0.756274 0.750000
0.220064 0.750000
0.195971 0.750000
0.294819 0.750000
0.411834 0.750000
0.850023 0.750000
0.618182 0.750000
0.226958 0.750000
0.194930 0.750000
0.276112 0.750000
0.657678 0.625000
0.792611 0.625000
0.699724 0.625000
0.225486 0.625000
0.261750 0.625000
0.245844 0.625000
0.190406 0.625000
0.141611 0.625000
0.251014 0.625000
0.425514 0.625000
0.309971 0.625000
0.329073 0.625000
0.223978 0.625000
0.302036 0.625000
0.573444 0.625000
0.766615 0.625000
0.410434 0.625000
0.292449 0.500000
0.235395 0.625000
0.179419 0.625000
0.177301 0.625000
0.347277 0.750000
0.287925 0.625000
0.237622 0.750000
0.249973 0.750000
0.257370 0.750000
0.271696 0.750000
0.668055 0.750000
0.232774 0.750000
0.442174 0.750000
0.367132 0.750000
0.315321 0.750000
0.256185 0.750000
0.223475 0.750000
0.526265 0.750000
0.757854 0.750000
0.561632 0.750000
0.023195 0.750000
0.251804 0.750000
0.341998 0.875000
0.248178 0.750000
0.372195 0.875000
0.188826 0.875000
0.248465 0.875000
0.174536 0.875000
0.523213 0.875000
0.372374 0.875000
0.167678 0.875000
0.263509 0.875000
0.443467 0.875000
0.443467 0.875000
0.065635 0.875000
0.085275 0.875000
0.159815 0.875000
0.130157 0.875000
0.086281 0.875000
0.138487 0.875000
0.460630 0.875000
0.864278 0.875000
0.104664 0.875000
0.086352 0.875000
0.076299 0.875000
0.153316 0.875000
0.284478 0.875000
0.766615 0.000000
0.473448 0.000000
0.420272 0.000000
0.202758 0.000000
0.607303 0.000000
0.480378 0.000000
0.231661 0.000000
0.222721 0.000000
0.302646 0.250000
0.175936 0.375000
0.316937 0.375000
0.296578 0.375000
0.757639 0.250000
0.475890 0.375000
0.306452 0.500000
0.536031 0.500000
0.190586 0.750000
0.199777 0.375000
0.201142 0.625000
0.223259 0.375000
0.684464 0.625000
0.910237 0.625000
0.910237 0.875000
0.228538 0.875000
0.390183 0.875000
0.547700 0.875000
0.631719 0.750000
0.371656 0.875000
0.147607 0.875000
0.151987 0.875000
0.198700 0.875000
0.425514 0.875000
0.413989 0.750000
0.219777 0.750000
0.276148 0.750000
0.354458 0.750000
0.700513 0.875000
0.589566 0.750000
0.273132 0.875000
0.429284 0.625000
0.323974 0.875000
0.372949 0.875000
0.663423 0.875000
0.687947 0.875000
0.403684 0.625000
0.443467 0.875000
0.443467 0.875000
0.437184 0.875000
0.517899 0.875000
0.433198 0.875000
0.483573 0.875000
0.468278 0.875000
0.517540 0.875000
0.626907 0.750000
0.371908 0.875000
0.121396 0.750000
0.206923 0.875000
0.100930 0.625000
0.146745 0.750000
0.339234 0.750000
0.509066 0.625000
0.456501 0.750000
0.525511 0.750000
0.200603 0.750000
0.405156 0.500000
0.174644 0.500000
0.173997 0.625000
0.156152 0.625000
0.485117 0.750000
0.266202 0.625000
0.208790 0.625000
0.237047 0.625000
0.379089 0.750000
0.694804 0.750000
0.436968 0.750000
0.242397 0.750000
0.223547 0.750000
0.272127 0.750000
0.415066 0.750000
0.840652 0.750000
0.138092 0.750000
0.247029 0.750000
0.185487 0.750000
0.173387 0.750000
0.168145 0.750000
0.155111 0.750000
0.533984 0.750000
0.281139 0.750000
0.152598 0.750000
0.262396 0.750000
0.259057 0.750000
0.390937 0.750000
0.443467 0.625000
0.368138 0.625000
0.425514 0.750000
0.403504 0.750000
0.340239 0.750000
0.377258 0.750000
0.304980 0.750000
0.253492 0.750000
0.186313 0.625000
0.258519 0.625000
0.542279 0.625000
0.910237 0.500000
0.394169 0.625000
0.216545 0.500000
0.252271 0.500000
0.363434 0.500000
0.766615 0.500000
0.512585 0.500000
0.108901 0.500000
0.455531 0.500000
0.357474 0.500000
0.404007 0.625000
0.581559 0.625000
0.292665 0.625000
0.335751 0.625000
0.315536 0.625000
0.226635 0.625000
0.301246 0.750000
0.327636 0.750000
0.235970 0.750000
0.199418 0.750000
0.224265 0.750000
0.674123 0.625000
0.437758 0.625000
0.452767 0.625000
0.195182 0.625000
0.206348 0.625000
0.126136 0.625000
0.778967 0.750000
0.708736 0.750000
0.393989 0.750000
0.131916 0.750000
0.141431 0.750000
0.361639 0.750000
0.815626 0.875000
0.478259 0.750000
0.325626 0.750000
0.245916 0.625000
0.525008 0.625000
0.910237 0.750000
0.038957 0.750000
0.210800 0.750000
0.371656 0.625000
0.349646 0.125000
0.658181 0.125000
0.190370 0.500000
0.222865 1.000000
0.578543 0.500000
0.554738 0.875000
0.339449 0.375000
0.666475 1.000000
0.210190 1.000000
0.309720 1.000000
0.418656 1.000000
0.168719 0.875000
0.167391 1.000000
0.173459 1.000000
0.408747 1.000000
0.741051 1.000000
0.603928 1.000000
0.222362 1.000000
0.252486 1.000000
0.309504 1.000000
0.632078 1.000000
0.476536 1.000000
0.159061 1.000000
0.313310 0.750000
0.712757 0.625000
0.587088 0.875000
0.587088 1.000000
0.515385 1.000000
0.232415 1.000000
0.240709 0.875000
0.460845 0.875000
0.712757 0.750000
0.518007 0.500000
0.713296 0.750000
0.701339 0.750000
0.740045 0.875000
0.372877 0.750000
0.562888 0.750000
0.409752 0.750000
0.281139 0.625000
0.476931 0.875000
0.500018 0.750000
0.373487 0.750000
0.589530 0.875000
0.303903 0.875000
0.645399 0.875000
0.638613 0.875000
0.660802 0.875000
0.300851 0.875000
0.626548 0.875000
0.280888 0.875000
0.336792 1.000000
0.369717 0.875000
0.518832 0.875000
0.466770 0.875000
0.271624 0.875000
0.157912 1.000000
0.109368 1.000000
0.207641 1.000000
0.658648 1.000000
0.910237 1.000000
0.707048 0.875000
0.248501 0.875000
0.094359 0.875000
0.241392 0.875000
0.192525 0.750000
0.371656 0.625000
0.343866 0.625000
0.181897 0.500000
0.260314 0.500000
0.276148 0.625000
0.483322 0.750000
0.587088 0.750000
0.533949 0.750000
0.196725 0.625000
0.229866 0.500000
0.662310 0.500000
0.910237 0.625000
0.706151 0.500000
0.163262 0.500000
0.279415 0.500000
0.337295 0.625000
0.372554 0.500000
0.295609 0.625000
0.436609 0.625000
0.275933 0.625000
0.487451 0.625000
0.316290 0.625000
0.191519 0.625000
0.208502 0.625000
0.244049 0.625000
0.481922 0.500000
0.910237 0.500000
0.751966 0.375000
0.656781 0.375000
0.511974 0.500000
0.479013 0.375000
0.370184 0.500000
0.442533 0.500000
0.254856 0.500000
0.560626 0.500000
0.524398 0.375000
0.525547 0.500000
0.498187 0.500000
0.643711 0.500000
0.639762 0.500000
0.234175 0.500000
0.471042 0.500000
0.533949 0.500000
0.501275 0.500000
0.324441 0.500000
0.232487 0.500000
0.180748 0.500000
0.252163 0.500000
0.572870 0.375000
0.321066 0.375000
0.161825 0.500000
0.190155 0.375000
0.214175 0.375000
0.593839 0.375000
0.481742 0.375000
0.505332 0.375000
0.462712 0.500000
0.300815 0.500000
0.404976 0.500000
0.694804 0.500000
0.677211 0.500000
0.352734 0.375000
0.523500 0.375000
0.910237 0.500000
0.910237 0.500000
0.443467 0.500000
0.185092 0.500000
0.141611 0.500000
0.210010 0.500000
0.212344 0.500000
0.694804 0.500000
0.497505 0.500000
0.415999 0.500000
0.340562 0.500000
0.194894 0.500000
0.409680 0.500000
0.443467 0.500000
0.461599 0.000000
0.337977 0.000000
0.493950 0.250000
0.625471 0.125000
0.127895 0.125000
0.274568 0.125000
0.689526 0.250000
0.573229 0.125000
0.511508 0.250000
0.466770 0.000000
0.558831 0.000000
0.267459 0.000000
0.580302 0.000000
0.464220 0.000000
0.211698 0.000000
0.353452 0.000000
0.307817 0.000000
0.811964 0.000000
0.874331 0.000000
0.874331 0.000000
0.265664 0.000000
0.379340 0.000000
0.410255 0.000000
0.518437 0.000000
0.712757 0.000000
0.712757 0.000000
0.487379 0.000000
0.587088 0.000000
0.587088 0.000000
0.931780 0.000000
0.931780 0.000000
0.612330 0.000000
0.353811 0.000000
0.291228 0.000000
0.390148 0.000000
0.715199 0.000000
0.826398 0.000000
0.874331 0.000000
0.375498 0.000000
0.401063 0.000000
0.453485 0.000000
0.588417 0.000000
0.712757 0.000000
0.712757 0.000000
0.222936 0.000000
0.274568 0.000000
0.263976 0.000000
0.600122 0.000000
0.712757 0.000000
0.590643 0.000000
0.193889 0.000000
0.189652 0.000000
0.197408 0.000000
0.337726 0.000000
0.628308 0.000000
0.572295 0.000000
0.311084 0.000000
0.409716 0.000000
0.712757 0.000000
0.712757 0.000000
0.472012 0.000000
0.298409 0.000000
0.315285 0.000000
0.355966 0.000000
0.492693 0.000000
0.712757 0.000000
0.552727 0.000000
0.370543 0.000000
0.391297 0.000000
0.257262 0.000000
0.371656 0.000000
0.276974 0.000000
0.273958 0.000000
0.334422 0.000000
0.351801 0.000000
0.845751 0.000000
0.874331 0.000000
0.683925 0.000000
0.594054 0.000000
0.579871 0.000000
0.662597 0.000000
0.766615 0.000000
0.473879 0.000000
0.476356 0.000000
0.644788 0.000000
0.549280 0.000000
0.587088 0.000000
0.587088 0.000000
0.620373 0.000000
0.712757 0.000000
0.558436 0.000000
0.317260 0.000000
0.361711 0.000000
0.455783 0.000000
0.806542 0.000000
0.874331 0.000000
0.874331 0.000000
0.538724 0.000000
0.584144 0.000000
0.336433 0.000000
0.402930 0.000000
0.359843 0.000000
0.375103 0.000000
0.576712 0.000000
0.674913 0.000000
0.570751 0.000000
0.420452 0.000000
0.698503 0.000000
0.779433 0.000000
0.668594 0.000000
0.289577 0.000000
0.328175 0.000000
0.209041 0.000000
0.371656 0.000000
0.250296 0.000000
0.250655 0.000000
0.285591 0.000000
0.481814 0.000000
0.558651 0.000000
0.587088 0.000000
0.587088 0.000000
0.614161 0.000000
0.586047 0.000000
0.425909 0.000000
0.548634 0.000000
0.712757 0.000000
0.683530 0.000000
0.671430 0.000000
0.671969 0.000000
0.622671 0.000000
0.562852 0.000000
0.620875 0.000000
0.546767 0.000000
0.242577 0.000000
0.257585 0.000000
0.483214 0.000000
0.409572 0.000000
0.428746 0.000000
0.403756 0.000000
0.182722 0.000000
0.195505 0.000000
0.766615 0.000000
0.766615 0.000000
0.766615 0.000000
0.712757 0.625000
0.712757 0.250000
0.224157 0.250000
0.276399 0.375000
0.258159 0.250000
0.790564 0.250000
0.874331 0.500000
0.831783 0.625000
0.517145 0.625000
0.502316 0.625000
0.357869 0.500000
0.574917 0.375000
0.555959 0.250000
0.211483 0.250000
0.247603 0.375000
0.284658 0.500000
0.485081 0.500000
0.266023 0.375000
0.282898 0.375000
0.360885 0.250000
0.810204 0.250000
0.874331 0.250000
0.772970 0.250000
0.350831 0.375000
0.409536 0.625000
0.511723 0.375000
0.723529 0.500000
0.723529 0.625000
0.434778 0.750000
0.246454 0.625000
0.417148 0.750000
0.545833 0.750000
0.712757 0.750000
0.570285 0.625000
0.290295 0.375000
0.490826 0.500000
0.452264 0.375000
0.349790 0.500000
0.520125 0.375000
0.416538 0.375000
0.381458 0.500000
0.388316 0.750000
0.430433 0.500000
0.712757 0.500000
0.712757 0.375000
0.683782 0.375000
0.383649 0.375000
0.382320 0.500000
0.266274 0.375000
0.338911 0.500000
0.264622 0.375000
0.306991 0.500000
0.321066 0.625000
0.333166 0.500000
0.591182 0.500000
0.712757 0.500000
0.643855 0.500000
0.429033 0.500000
0.723529 0.500000
0.351406 0.500000
0.452264 0.500000
0.874331 0.500000
0.569567 0.500000
0.582385 0.500000
0.347133 0.500000
0.815985 0.500000
0.874331 0.500000
0.823561 0.625000
0.260924 0.625000
0.619116 0.625000
0.220423 0.500000
0.508492 0.625000
0.343901 0.500000
0.422067 0.625000
0.806614 0.500000
0.842376 0.625000
0.173602 0.500000
0.238340 0.500000
0.225270 0.625000
0.340634 0.625000
0.671538 0.625000
0.516642 0.625000
0.159420 0.625000
0.178880 0.625000
0.147643 0.625000
0.216725 0.625000
0.230117 0.625000
0.293885 0.625000
0.317332 0.625000
0.449822 0.625000
0.264587 0.625000
0.321532 0.625000
0.309935 0.625000
0.314100 0.625000
0.166744 0.750000
0.483717 0.750000
0.358407 0.750000
0.282180 0.750000
0.228681 0.750000
0.278231 0.750000
0.415425 0.750000
0.274030 0.750000
0.354422 0.750000
0.346953 0.750000
0.193063 0.875000
0.852034 0.750000
0.636566 0.750000
0.340455 0.750000
0.390327 0.750000
0.364475 0.875000
0.501023 0.750000
0.593946 0.750000
0.206384 0.750000
0.219813 0.750000
0.472048 0.625000
0.384295 0.750000
0.123084 0.750000
0.123407 0.750000
0.164518 0.750000
0.388891 0.750000
0.274927 0.625000
0.182543 0.625000
0.302251 0.625000
0.274461 0.625000
0.339844 0.500000
0.443467 0.500000
0.340060 0.500000
0.695020 0.500000
0.702919 0.500000
0.620732 0.500000
0.758213 0.500000
0.616244 0.500000
0.556102 0.500000
0.295752 0.500000
0.674410 0.500000
0.463430 0.500000
0.308499 0.500000
0.766687 0.500000
0.874331 0.500000
0.874331 0.500000
0.196905 0.500000
0.254784 0.500000
0.418980 0.500000
0.538257 0.500000
