0.142857 1.000000
0.142857 0.316783
0.142857 0.302391
0.142857 0.704999
0.142857 1.000000
0.142857 0.832311
0.142857 0.401787
0.142857 0.522048
0.142857 0.186718
0.142857 0.490220
0.285714 0.624487
0.285714 1.000000
0.285714 1.000000
0.285714 1.000000
0.285714 0.665153
0.285714 1.000000
0.285714 0.794204
0.285714 0.224294
0.285714 0.493794
0.285714 0.386863
0.285714 0.326733
0.285714 0.348660
0.285714 0.268438
0.285714 0.391548
0.285714 0.917411
0.428571 0.597295
0.428571 0.264815
0.428571 0.232408
0.428571 0.365371
0.428571 0.274088
0.428571 0.231007
0.428571 0.340208
0.428571 0.272108
0.428571 0.320889
0.428571 0.299493
0.571429 0.224922
0.571429 0.159285
0.571429 0.740159
0.571429 1.000000
0.571429 0.520889
0.571429 0.362183
0.571429 0.285438
0.571429 0.210142
0.714286 0.334267
0.714286 0.462642
0.714286 0.392949
0.714286 0.313403
0.714286 0.269404
0.714286 0.676696
0.714286 0.724270
0.714286 0.000000
0.714286 0.469452
0.714286 0.183675
0.857143 0.672591
0.857143 0.469693
1.000000 0.057088
1.000000 0.083506
1.000000 0.183772
1.000000 0.143878
1.000000 0.084859
1.000000 0.109587
1.000000 0.084955
1.000000 0.071432
1.000000 0.351461
0.000000 1.000000
0.000000 0.605651
0.142857 0.280415
0.142857 0.268389
0.142857 0.375900
0.142857 0.381019
0.142857 0.689833
0.142857 0.225163
0.142857 0.237527
0.142857 0.239362
0.142857 0.269114
0.142857 0.276213
0.142857 0.493649
0.285714 0.705530
0.285714 0.818546
0.285714 0.264429
0.285714 0.340256
0.285714 0.445593
0.285714 0.911084
0.285714 0.761845
0.285714 0.470466
0.285714 0.861193
0.285714 0.894180
0.285714 0.556870
0.285714 0.665443
0.285714 0.551509
0.428571 0.132094
0.428571 0.247138
0.428571 0.104564
0.428571 0.166192
0.428571 0.425115
0.428571 0.238638
0.428571 0.513789
0.428571 0.178846
0.428571 0.621347
0.428571 0.326878
0.571429 0.249650
0.571429 0.287660
0.571429 0.154552
0.571429 0.301087
0.571429 0.177445
0.571429 0.687080
0.571429 0.346969
0.571429 0.174064
0.571429 0.321758
0.571429 0.317266
0.714286 0.426467
0.714286 0.476262
0.714286 0.219416
0.714286 0.316542
0.714286 0.698237
0.714286 0.260082
0.714286 0.308138
0.714286 1.000000
0.714286 0.658295
0.714286 0.751075
0.714286 0.362473
0.857143 0.273654
0.857143 0.374016
0.857143 0.237044
0.857143 0.270466
0.857143 0.557643
0.857143 0.577831
0.857143 0.231345
0.857143 0.246366
0.857143 0.138469
0.857143 0.146245
0.857143 0.455252
1.000000 0.299589
1.000000 0.675006
1.000000 0.021203
1.000000 0.252355
0.142857 0.854142
0.142857 0.224873
0.142857 0.385414
0.142857 0.531949
0.142857 0.195750
0.142857 0.193963
0.142857 0.202125
0.142857 0.385124
0.142857 0.819029
0.285714 0.609804
0.285714 0.182758
0.285714 0.390244
0.285714 0.927554
0.285714 0.281430
0.285714 0.292586
0.285714 0.588698
0.285714 0.927554
0.285714 0.665588
0.285714 0.470369
0.285714 0.725960
0.285714 0.519971
0.285714 0.471191
0.285714 0.761797
0.285714 0.377590
0.428571 0.373485
0.428571 0.811591
0.428571 0.666699
0.428571 0.596667
0.428571 0.334170
0.428571 0.181212
0.428571 0.115914
0.428571 0.248104
0.428571 0.303067
0.428571 0.095726
0.428571 0.293504
0.428571 0.213475
0.428571 0.318957
0.428571 0.340256
0.571429 0.188409
0.571429 0.344651
0.571429 0.422507
0.571429 0.339966
0.571429 0.624487
0.571429 0.394253
0.571429 0.226419
0.571429 0.249263
0.571429 0.297078
0.714286 0.852258
0.714286 0.657474
0.714286 0.613137
0.714286 0.834678
0.714286 0.829365
0.714286 0.283796
0.714286 0.643081
0.714286 0.405216
0.714286 0.307993
0.714286 0.739387
0.714286 0.400676
0.714286 0.186477
0.714286 0.224583
0.857143 0.767592
0.857143 0.616808
0.857143 0.373436
0.857143 0.513547
0.857143 0.443275
0.857143 0.672978
0.857143 0.159285
0.857143 0.251292
0.857143 0.638010
1.000000 0.528375
1.000000 0.426902
1.000000 0.519874
0.142857 0.810142
0.142857 0.140836
0.142857 0.338131
0.142857 0.896305
0.142857 0.739870
0.142857 0.328568
0.142857 0.749384
0.142857 0.593238
0.142857 0.326153
0.142857 0.479063
0.142857 0.520647
0.142857 0.666168
0.142857 0.927554
0.142857 0.927554
0.285714 0.444723
0.285714 0.360541
0.285714 0.493601
0.285714 0.473895
0.285714 0.508283
0.285714 0.578797
0.285714 0.760299
0.285714 0.927554
0.285714 0.927554
0.285714 0.776044
0.285714 0.927554
0.285714 0.763294
0.428571 0.387249
0.428571 0.519923
0.428571 0.927554
0.428571 0.927554
0.428571 0.603719
0.428571 0.631538
0.428571 0.927554
0.428571 0.712292
0.428571 0.467230
0.428571 0.495146
0.428571 0.337310
0.428571 0.418643
0.428571 0.442019
0.571429 0.606230
0.571429 0.609563
0.571429 0.836127
0.571429 0.803284
0.571429 0.927554
0.571429 0.719971
0.571429 0.395557
0.571429 0.455349
0.571429 0.581888
0.714286 0.693456
0.714286 0.754552
0.714286 0.452837
0.714286 0.473364
0.714286 0.876648
0.714286 0.736537
0.714286 0.534364
0.714286 0.868148
0.714286 0.358319
0.714286 0.410239
0.714286 0.616904
0.857143 0.720261
0.857143 0.541705
0.857143 0.706786
0.857143 0.927554
0.857143 0.888240
0.857143 0.803960
0.857143 0.704274
0.857143 0.295098
0.857143 0.315286
0.857143 0.618788
0.857143 0.519730
0.857143 0.545520
0.857143 0.511905
0.000000 0.927554
0.000000 0.927554
0.000000 0.270321
0.000000 0.340594
0.000000 0.316059
0.142857 0.450181
0.142857 0.742140
0.142857 0.716639
0.142857 0.621299
0.142857 0.326636
0.142857 0.349336
0.142857 0.454238
0.142857 0.440715
0.142857 0.519681
0.285714 0.703019
0.285714 0.927554
0.285714 0.735909
0.285714 0.359285
0.285714 0.629027
0.285714 0.577155
0.285714 0.547790
0.285714 0.927554
0.285714 0.927554
0.285714 0.888578
0.285714 0.484859
0.285714 0.483072
0.285714 0.381744
0.285714 0.400676
0.285714 0.416952
0.428571 0.764018
0.428571 0.927554
0.428571 0.834871
0.428571 0.734943
0.428571 0.752185
0.428571 0.435740
0.428571 0.319778
0.428571 0.801594
0.571429 0.202318
0.571429 0.289399
0.571429 0.271818
0.571429 0.426998
0.571429 0.872108
0.571429 0.663753
0.571429 0.260324
0.571429 0.278339
0.571429 0.364115
0.571429 0.395653
0.571429 0.573871
0.571429 0.324704
0.571429 0.348370
0.714286 0.276407
0.714286 0.343057
0.714286 0.527602
0.714286 0.337406
0.714286 0.228496
0.714286 0.426757
0.714286 0.493842
0.857143 0.246414
0.857143 0.264477
0.857143 0.603767
0.857143 0.485728
0.857143 0.491910
0.857143 0.338614
0.857143 0.337986
0.857143 0.425936
0.857143 0.797730
0.857143 0.716832
1.000000 0.366626
1.000000 0.233663
1.000000 0.311519
1.000000 0.532384
1.000000 0.692828
