-0.170555
1.388223
-1.156805
-0.980026
-0.345772
1.433346
-1.048980
-0.507509
-1.274593
-1.281820
-1.248808
0.031226
-0.982761
-0.818874
-0.508681
-1.327138
-0.487976
1.685133
1.001458
-0.928067
-0.882945
0.314658
1.688063
1.623016
1.833588
-0.163914
-0.662997
0.402169
0.527769
-0.160593
1.318684
1.281765
1.402483
-0.555757
-0.664364
-0.360226
-0.181104
0.630125
-1.333389
-1.597482
-1.062849
1.390762
-0.840557
-1.679133
-0.879233
-1.145085
-1.202904
-0.776291
-0.690148
0.436938
-1.122231
-0.941936
1.410687
-1.304284
-0.672373
-0.357492
-0.165672
-0.584276
0.182807
-0.691320
-1.150554
-1.058161
-0.864778
0.429320
1.380605
0.592816
0.413498
-0.178564
0.857496
0.660402
0.666653
0.517807
-0.918496
0.370134
0.712362
-0.927676
-1.209155
-0.820633
-1.312097
-1.157977
-1.027298
0.556679
0.324816
-0.555953
0.010716
-0.273497
0.655519
2.759479
2.759479
-1.185519
-1.422071
-1.049957
-1.037260
0.514096
-0.339716
-1.132193
0.036305
0.318760
1.210272
-1.496689
-0.698743
0.590277
0.346889
0.847729
-0.737420
-1.040776
-0.269591
-0.517862
2.224846
-0.747186
-0.128754
0.039430
0.627977
0.459011
1.001458
1.001458
2.876681
-0.267637
-0.608107
-0.069958
1.698416
-0.149655
-0.010576
0.274614
1.008686
-0.979636
-0.698743
-0.756367
1.072365
-1.137662
-1.160712
-1.118519
-0.355148
-0.500087
0.036500
1.685133
-0.569040
-0.477232
-0.255917
0.487921
-0.176611
-0.063707
-0.792895
-0.702064
-0.373119
-0.278576
2.408656
1.039353
0.962196
1.412249
0.385565
0.399043
1.315363
0.795770
1.001458
1.001458
1.182535
-0.466489
-0.224663
0.287116
2.195350
0.738341
0.985441
-0.362180
-0.234821
-0.151803
0.945006
0.912581
0.094906
1.607585
2.047871
-0.617093
-0.407107
-1.055231
-0.828837
-0.638775
0.428734
0.846753
1.148741
0.995794
0.124597
0.792254
1.460302
1.463232
1.195036
0.869607
-0.872787
-0.791137
0.436352
0.004075
-1.198412
-1.128872
1.978137
1.978137
-0.972994
-0.688781
-0.788011
2.108425
0.620945
0.540271
-0.245564
-1.041948
-0.845440
-0.643854
0.446510
-0.745233
-0.653425
-0.229156
2.215274
-0.283850
0.035524
0.591449
0.172845
-0.851691
0.076935
0.777018
-0.613186
0.477764
0.267973
-0.289515
0.073614
-0.117229
-0.079920
0.149209
1.527497
-0.105313
-0.112541
-0.743866
-0.522355
-0.445783
-0.379955
1.023727
0.141591
1.743734
-0.280725
0.267973
0.906135
0.975869
-0.303970
2.246723
-0.772971
1.175698
-0.993309
0.103696
2.195740
-1.248027
-0.895837
-0.966939
-0.339325
-1.325184
-1.219313
-1.389255
-1.013429
-0.940569
-0.593652
-0.466098
-0.443244
-0.506337
-0.483679
-1.285336
-0.657332
-0.948382
-0.678819
-0.264317
-0.304946
-1.142155
-0.340302
-0.068981
-0.209623
0.533239
1.038767
-1.069685
-0.996630
-1.522864
-1.521106
-1.297447
-1.199388
-0.548139
-0.699329
-0.343623
1.588637
1.631611
1.184488
1.932428
-0.583495
1.476515
0.328722
2.564144
-1.121254
-0.806373
0.086897