0.946142 1.000000
0.946142 1.000000
0.303867 0.000000
0.031561 0.000000
0.196402 0.000000
0.247747 1.000000
0.457829 1.000000
0.270260 0.000000
0.299415 0.000000
0.327277 0.000000
0.157732 0.000000
0.335751 1.000000
0.315069 1.000000
0.113425 0.000000
0.204266 0.000000
0.159671 0.000000
0.423252 1.000000
0.438871 0.000000
0.205917 0.000000
0.301892 0.000000
0.185631 0.000000
0.443467 1.000000
0.443467 1.000000
0.145596 0.000000
0.231805 0.000000
0.780762 0.000000
1.000000 1.000000
0.950594 1.000000
0.305878 0.000000
0.457829 0.000000
0.175039 0.000000
0.849557 0.000000
0.946142 1.000000
0.946142 1.000000
0.240243 0.000000
0.227389 0.000000
0.311264 0.000000
0.341819 0.000000
0.353704 0.000000
0.353704 1.000000
0.371656 1.000000
0.378837 0.000000
0.457829 0.000000
0.166888 1.000000
0.579333 0.000000
0.844638 0.000000
0.808409 0.000000
0.316613 0.000000
0.457829 1.000000
0.457829 1.000000
0.265736 0.000000
0.335751 0.000000
0.163657 0.000000
0.341819 0.000000
0.443467 1.000000
0.443467 1.000000
0.188144 0.000000
0.296327 0.000000
0.199454 0.000000
0.150300 0.000000
0.112276 1.000000
0.221428 1.000000
0.180748 0.000000
0.220638 0.000000
0.095616 0.000000
0.466195 0.000000
0.817637 1.000000
0.917849 1.000000
0.080967 0.000000
0.086316 0.000000
0.093677 0.000000
0.634627 0.000000
0.616603 1.000000
0.550070 1.000000
0.098955 0.000000
0.052781 0.000000
0.082259 0.000000
0.239237 1.000000
0.172633 1.000000
0.377222 0.000000
0.446304 0.000000
0.113461 0.000000
0.244767 1.000000
0.459229 0.000000
0.553194 0.000000
0.178809 1.000000
0.250655 1.000000
0.051524 0.000000
0.153819 0.000000
0.154968 0.000000
0.562493 0.000000
0.599296 0.000000
0.517935 0.000000
0.885031 1.000000
0.961904 1.000000
0.457829 0.000000
0.250332 0.000000
0.222505 0.000000
0.168468 0.000000
0.222039 1.000000
0.282539 1.000000
0.161215 0.000000
0.245988 0.000000
0.285699 0.000000
0.457829 1.000000
0.295142 1.000000
0.410865 0.000000
0.429249 0.000000
0.436537 0.000000
0.229579 0.000000
0.260457 1.000000
0.239632 1.000000
0.990270 0.000000
0.089440 0.000000
0.069513 0.000000
0.048759 0.000000
0.122581 1.000000
0.128757 0.000000
0.161359 0.000000
0.096442 0.000000
0.885785 1.000000
0.665111 1.000000
0.050160 0.000000
0.069477 0.000000
0.074504 0.000000
0.842770 1.000000
0.085527 0.000000
0.069513 0.000000
0.110050 0.000000
0.143298 0.000000
0.900578 1.000000
0.666691 1.000000
0.180532 0.000000
0.425514 1.000000
0.277620 1.000000
0.318911 0.000000
0.093785 0.000000
0.893469 0.000000
0.946142 1.000000
0.946142 1.000000
0.217371 0.000000
0.184338 0.000000
0.186672 0.000000
0.209292 0.000000
0.425514 1.000000
0.425514 1.000000
0.092349 0.000000
0.142077 0.000000
0.159061 0.000000
0.571721 0.000000
0.946142 1.000000
0.946142 1.000000
0.286130 0.000000
0.281175 0.000000
0.355176 0.000000
0.184230 1.000000
0.245629 1.000000
0.282360 0.000000
0.358048 0.000000
0.425514 0.000000
0.426125 0.000000
0.967685 1.000000
0.967685 1.000000
0.155147 0.000000
0.164482 0.000000
0.905748 0.000000
1.000000 1.000000
1.000000 1.000000
0.287279 0.000000
0.425514 0.000000
0.317080 0.000000
0.282970 0.000000
0.224444 1.000000
0.407562 1.000000
0.286597 0.000000
0.381387 0.000000
0.217335 0.000000
0.425514 0.000000
0.425514 1.000000
0.425514 1.000000
0.751750 0.000000
0.838067 0.000000
0.946142 0.000000
0.837385 0.000000
0.967685 1.000000
0.967685 1.000000
0.300205 0.000000
0.304513 0.000000
0.321030 0.000000
0.264299 0.000000
0.371656 1.000000
0.371656 1.000000
0.271049 0.000000
0.271839 0.000000
0.269865 0.000000
0.425514 0.000000
0.425514 1.000000
0.425514 1.000000
0.317798 0.000000
0.228394 0.000000
0.242253 0.000000
0.554702 0.000000
0.407131 0.000000
0.311192 0.000000
0.425514 1.000000
0.197587 1.000000
0.192668 0.000000
0.170586 0.000000
0.147356 0.000000
0.946142 0.000000
0.946142 1.000000
0.946142 1.000000
0.301066 0.000000
0.239058 0.000000
0.335751 0.000000
0.335751 1.000000
0.335751 1.000000
0.216402 0.000000
0.254569 0.000000
0.257298 0.000000
0.425514 0.000000
0.364691 0.000000
0.425514 0.000000
0.228179 0.000000
0.425514 1.000000
0.386413 1.000000
0.946142 0.000000
0.690711 0.000000
0.821622 0.000000
0.967685 0.000000
0.967685 1.000000
0.847869 1.000000
0.142042 0.000000
0.181430 0.000000
0.246239 0.000000
0.315141 0.000000
0.335751 1.000000
0.335751 1.000000
0.235898 0.000000
0.228430 0.000000
0.299989 0.000000
0.298409 0.000000
0.425514 1.000000
0.425514 1.000000
0.357869 0.000000
0.764174 0.000000
0.956483 0.000000
0.269111 0.000000
0.425514 1.000000
0.374062 1.000000
0.201142 0.000000
0.711070 0.000000
0.425514 0.000000
0.601307 0.000000
0.851675 1.000000
0.624179 1.000000
0.309432 0.000000
0.255862 0.000000
0.373308 1.000000
0.202075 0.000000
0.374385 1.000000
0.285591 1.000000
0.610463 0.000000
0.110409 0.000000
0.178019 0.000000
0.184697 0.000000
0.967685 1.000000
0.867007 1.000000
0.425514 0.000000
0.175721 0.000000
0.703170 0.000000
0.946142 1.000000
0.946142 1.000000
0.368928 0.000000
0.265017 0.000000
0.317332 0.000000
0.248968 0.000000
0.425514 0.000000
0.186277 0.000000
0.946142 0.000000
0.946142 1.000000
0.946142 1.000000
0.180101 0.000000
0.275035 0.000000
0.425514 1.000000
0.341855 1.000000
0.357294 0.000000
0.357294 0.000000
0.357294 0.000000
0.435352 0.000000
0.425514 1.000000
0.425514 1.000000
0.309684 0.000000
0.290187 0.000000
0.264515 0.000000
0.982047 0.000000
0.982047 1.000000
0.982047 1.000000
0.235898 0.000000
0.365409 0.000000
0.259811 0.000000
0.317367 0.000000
0.425514 1.000000
0.425514 1.000000
0.946142 0.000000
0.812754 0.000000
0.920972 0.000000
0.693332 0.000000
0.967685 1.000000
0.967685 1.000000
0.425514 0.000000
0.425514 0.000000
0.324405 0.000000
0.982047 1.000000
0.982047 1.000000
0.320096 0.000000
0.359125 0.000000
0.425514 0.000000
0.371656 0.000000
0.371656 1.000000
0.371656 1.000000
0.233349 0.000000
0.268393 0.000000
0.293203 0.000000
0.332519 0.000000
0.425514 1.000000
0.349718 1.000000
0.869197 0.000000
0.946142 0.000000
0.917525 0.000000
0.276076 0.000000
0.352447 1.000000
0.201573 0.000000
0.234534 0.000000
0.425514 1.000000
0.425514 1.000000
0.302467 0.000000
0.276579 1.000000
0.100032 0.000000
0.080859 0.000000
0.197156 0.000000
0.160353 0.000000
0.164303 0.000000
0.198880 0.000000
0.282072 0.000000
0.425514 1.000000
0.284586 1.000000
0.758393 0.000000
0.809019 0.000000
0.860400 0.000000
0.946142 0.000000
0.946142 1.000000
0.669958 1.000000
0.169617 0.000000
0.169940 0.000000
0.188898 0.000000
0.372518 1.000000
0.265161 1.000000
0.641341 0.000000
0.613838 0.000000
0.864206 1.000000
0.686869 1.000000
0.134214 0.000000
0.086245 0.000000
0.054361 0.000000
0.293131 1.000000
0.240853 1.000000
0.195361 0.000000
0.123838 0.000000
0.304298 1.000000
0.187175 1.000000
0.483717 0.000000
0.058167 0.000000
0.054145 0.000000
0.108075 0.000000
0.780977 1.000000
0.659402 1.000000
0.455064 0.000000
0.138523 0.000000
0.000000 0.000000
0.195576 0.000000
0.539550 1.000000
0.453880 1.000000
0.199382 0.000000
0.069764 0.000000
0.114179 0.000000
0.125741 0.000000
0.245198 1.000000
0.231230 1.000000
0.197587 0.000000
0.146637 0.000000
0.111773 0.000000
0.170299 1.000000
0.182184 1.000000
0.304154 0.000000
0.307422 0.000000
0.315213 0.000000
0.048724 0.000000
0.212667 1.000000
0.425514 1.000000
0.425514 1.000000
0.231195 0.000000
0.176008 0.000000
0.177803 0.000000
0.499803 0.000000
0.681017 1.000000
0.241607 0.000000
0.266023 0.000000
0.231302 0.000000
0.189113 0.000000
0.366091 0.000000
0.267890 0.000000
0.694517 0.000000
0.967685 1.000000
0.140641 0.000000
0.109116 0.000000
0.425514 0.000000
0.425514 1.000000
0.425514 1.000000
0.946142 0.000000
0.946142 0.000000
0.946142 0.000000
0.425514 0.000000
0.425514 1.000000
0.425514 1.000000
0.311838 0.000000
0.244731 0.000000
0.301641 0.000000
0.407562 1.000000
0.418333 1.000000
0.425514 0.000000
0.338372 0.000000
0.425514 0.000000
0.946142 1.000000
0.946142 1.000000
0.946142 0.000000
0.265700 0.000000
0.287710 0.000000
0.300241 0.000000
0.294603 0.000000
0.425514 1.000000
0.425514 1.000000
0.339557 0.000000
0.425514 1.000000
0.339449 1.000000
0.293813 0.000000
0.436825 0.000000
0.793724 0.000000
0.425514 0.000000
0.425514 1.000000
0.425514 1.000000
0.125848 0.000000
0.157876 0.000000
0.194284 0.000000
0.425514 1.000000
0.340311 1.000000
0.202004 0.000000
0.218233 0.000000
0.310510 0.000000
0.300241 0.000000
0.296722 0.000000
0.299630 1.000000
0.256113 1.000000
0.207353 0.000000
0.562960 0.000000
0.373308 1.000000
0.946142 1.000000
0.297153 0.000000
0.228179 0.000000
0.665937 0.000000
0.853973 0.000000
0.946142 0.000000
0.294101 0.000000
0.429464 1.000000
0.295357 1.000000
0.239237 0.000000
0.212632 0.000000
0.175505 0.000000
0.196618 0.000000
0.194499 1.000000
0.418333 0.000000
0.481168 0.000000
0.208072 0.000000
0.225809 0.000000
0.201788 1.000000
0.120857 1.000000
0.563534 0.000000
0.740512 0.000000
0.169868 0.000000
0.222793 0.000000
0.319737 1.000000
0.188144 1.000000
0.092205 0.000000
0.334387 1.000000
0.255323 1.000000
0.087358 0.000000
0.079674 0.000000
0.091810 0.000000
0.171161 1.000000
0.108721 1.000000
0.136871 0.000000
0.146673 0.000000
0.494417 0.000000
0.576568 0.000000
0.253851 1.000000
0.105346 1.000000
0.069190 0.000000
0.067323 0.000000
0.591577 0.000000
0.476069 0.000000
0.063840 0.000000
0.074683 0.000000
0.199634 0.000000
0.045492 0.000000
0.093605 0.000000
0.842735 1.000000
0.622132 1.000000
0.043302 0.000000
0.019138 0.000000
0.151197 0.000000
0.256616 0.000000
0.413558 1.000000
0.037988 1.000000
0.181071 0.000000
0.018814 0.000000
0.158630 0.000000
0.267603 0.000000
0.335751 1.000000
0.329647 1.000000
0.766615 0.000000
0.258698 0.000000
0.247998 0.000000
0.698934 0.000000
0.827582 1.000000
0.861728 1.000000
0.244515 0.000000
0.278087 0.000000
0.307709 0.000000
0.547305 0.000000
0.766615 1.000000
0.641952 1.000000
0.321891 0.000000
0.411296 0.000000
0.443934 0.000000
0.691824 1.000000
0.803167 1.000000
0.793831 0.000000
0.910237 1.000000
0.653513 1.000000
0.162005 0.000000
0.387634 0.000000
0.487451 0.000000
0.766615 0.000000
0.766615 1.000000
0.766615 1.000000
0.282252 0.000000
0.443467 1.000000
0.388532 1.000000
0.142652 0.000000
0.145058 0.000000
0.190909 0.000000
0.517683 0.000000
0.766615 1.000000
0.613622 1.000000
0.189939 0.000000
0.390291 0.000000
0.310797 0.000000
0.408926 0.000000
0.408926 1.000000
0.408926 1.000000
0.266095 0.000000
0.282396 0.000000
0.222757 0.000000
0.314280 0.000000
0.705217 1.000000
0.467236 1.000000
0.193638 0.000000
0.328498 0.000000
0.293311 0.000000
0.910237 0.000000
0.910237 1.000000
0.756274 1.000000
0.220064 0.000000
0.195971 0.000000
0.294819 0.000000
0.411834 0.000000
0.850023 1.000000
0.618182 1.000000
0.226958 0.000000
0.194930 0.000000
0.276112 0.000000
0.657678 0.000000
0.792611 1.000000
0.699724 1.000000
0.225486 0.000000
0.261750 0.000000
0.245844 0.000000
0.190406 0.000000
0.141611 0.000000
0.251014 0.000000
0.425514 1.000000
0.309971 1.000000
0.329073 0.000000
0.223978 0.000000
0.302036 0.000000
0.573444 0.000000
0.766615 1.000000
0.410434 1.000000
0.292449 0.000000
0.235395 0.000000
0.179419 0.000000
0.177301 0.000000
0.347277 1.000000
0.287925 1.000000
0.237622 0.000000
0.249973 0.000000
0.257370 0.000000
0.271696 0.000000
0.668055 0.000000
0.232774 0.000000
0.442174 0.000000
0.367132 1.000000
0.315321 1.000000
0.256185 0.000000
0.223475 0.000000
0.526265 1.000000
0.757854 0.000000
0.561632 1.000000
0.023195 0.000000
0.251804 0.000000
0.341998 0.000000
0.248178 0.000000
0.372195 1.000000
0.188826 1.000000
0.248465 1.000000
0.174536 1.000000
0.523213 0.000000
0.372374 0.000000
0.167678 0.000000
0.263509 0.000000
0.443467 1.000000
0.443467 1.000000
0.065635 0.000000
0.085275 0.000000
0.159815 0.000000
0.130157 1.000000
0.086281 1.000000
0.138487 0.000000
0.460630 0.000000
0.864278 0.000000
0.104664 1.000000
0.086352 1.000000
0.076299 0.000000
0.153316 0.000000
0.284478 0.000000
0.766615 1.000000
0.473448 1.000000
0.420272 0.000000
0.202758 0.000000
0.607303 1.000000
0.480378 1.000000
0.231661 0.000000
0.222721 0.000000
0.302646 0.000000
0.175936 0.000000
0.316937 1.000000
0.296578 1.000000
0.757639 0.000000
0.475890 0.000000
0.306452 0.000000
0.536031 1.000000
0.190586 1.000000
0.199777 0.000000
0.201142 0.000000
0.223259 0.000000
0.684464 0.000000
0.910237 1.000000
0.910237 1.000000
0.228538 0.000000
0.390183 0.000000
0.547700 0.000000
0.631719 1.000000
0.371656 0.000000
0.147607 0.000000
0.151987 0.000000
0.198700 0.000000
0.425514 1.000000
0.413989 1.000000
0.219777 0.000000
0.276148 0.000000
0.354458 0.000000
0.700513 1.000000
0.589566 1.000000
0.273132 0.000000
0.429284 0.000000
0.323974 0.000000
0.372949 0.000000
0.663423 1.000000
0.687947 1.000000
0.403684 0.000000
0.443467 0.000000
0.443467 0.000000
0.437184 0.000000
0.517899 1.000000
0.433198 1.000000
0.483573 0.000000
0.468278 0.000000
0.517540 0.000000
0.626907 1.000000
0.371908 1.000000
0.121396 0.000000
0.206923 0.000000
0.100930 0.000000
0.146745 0.000000
0.339234 1.000000
0.509066 0.000000
0.456501 0.000000
0.525511 0.000000
0.200603 0.000000
0.405156 1.000000
0.174644 0.000000
0.173997 0.000000
0.156152 0.000000
0.485117 1.000000
0.266202 1.000000
0.208790 0.000000
0.237047 0.000000
0.379089 0.000000
0.694804 1.000000
0.436968 1.000000
0.242397 0.000000
0.223547 0.000000
0.272127 0.000000
0.415066 0.000000
0.840652 1.000000
0.138092 0.000000
0.247029 0.000000
0.185487 0.000000
0.173387 0.000000
0.168145 0.000000
0.155111 0.000000
0.533984 1.000000
0.281139 1.000000
0.152598 0.000000
0.262396 0.000000
0.259057 0.000000
0.390937 0.000000
0.443467 1.000000
0.368138 1.000000
0.425514 0.000000
0.403504 0.000000
0.340239 0.000000
0.377258 0.000000
0.304980 1.000000
0.253492 1.000000
0.186313 0.000000
0.258519 0.000000
0.542279 0.000000
0.910237 1.000000
0.394169 0.000000
0.216545 0.000000
0.252271 0.000000
0.363434 0.000000
0.766615 1.000000
0.512585 1.000000
0.108901 0.000000
0.455531 0.000000
0.357474 0.000000
0.404007 0.000000
0.581559 1.000000
0.292665 1.000000
0.335751 0.000000
0.315536 0.000000
0.226635 0.000000
0.301246 0.000000
0.327636 1.000000
0.235970 1.000000
0.199418 0.000000
0.224265 0.000000
0.674123 0.000000
0.437758 1.000000
0.452767 1.000000
0.195182 0.000000
0.206348 0.000000
0.126136 0.000000
0.778967 1.000000
0.708736 1.000000
0.393989 0.000000
0.131916 0.000000
0.141431 0.000000
0.361639 1.000000
0.815626 0.000000
0.478259 0.000000
0.325626 0.000000
0.245916 0.000000
0.525008 1.000000
0.910237 1.000000
0.038957 0.000000
0.210800 0.000000
0.371656 0.000000
0.349646 1.000000
0.658181 0.000000
0.190370 0.000000
0.222865 0.000000
0.578543 1.000000
0.554738 1.000000
0.339449 0.000000
0.666475 0.000000
0.210190 0.000000
0.309720 0.000000
0.418656 1.000000
0.168719 0.000000
0.167391 0.000000
0.173459 0.000000
0.408747 0.000000
0.741051 1.000000
0.603928 1.000000
0.222362 0.000000
0.252486 0.000000
0.309504 0.000000
0.632078 1.000000
0.476536 1.000000
0.159061 0.000000
0.313310 0.000000
0.712757 0.000000
0.587088 0.000000
0.587088 1.000000
0.515385 1.000000
0.232415 0.000000
0.240709 0.000000
0.460845 0.000000
0.712757 1.000000
0.518007 1.000000
0.713296 0.000000
0.701339 0.000000
0.740045 0.000000
0.372877 0.000000
0.562888 1.000000
0.409752 1.000000
0.281139 0.000000
0.476931 0.000000
0.500018 0.000000
0.373487 0.000000
0.589530 1.000000
0.303903 1.000000
0.645399 0.000000
0.638613 0.000000
0.660802 0.000000
0.300851 0.000000
0.626548 1.000000
0.280888 0.000000
0.336792 0.000000
0.369717 0.000000
0.518832 0.000000
0.466770 1.000000
0.271624 1.000000
0.157912 0.000000
0.109368 0.000000
0.207641 0.000000
0.658648 0.000000
0.910237 1.000000
0.707048 1.000000
0.248501 0.000000
0.094359 0.000000
0.241392 0.000000
0.192525 0.000000
0.371656 1.000000
0.343866 1.000000
0.181897 0.000000
0.260314 0.000000
0.276148 0.000000
0.483322 0.000000
0.587088 1.000000
0.533949 1.000000
0.196725 0.000000
0.229866 0.000000
0.662310 0.000000
0.910237 1.000000
0.706151 1.000000
0.163262 0.000000
0.279415 0.000000
0.337295 0.000000
0.372554 0.000000
0.295609 0.000000
0.436609 0.000000
0.275933 0.000000
0.487451 1.000000
0.316290 1.000000
0.191519 0.000000
0.208502 0.000000
0.244049 0.000000
0.481922 0.000000
0.910237 1.000000
0.751966 1.000000
0.656781 0.000000
0.511974 0.000000
0.479013 0.000000
0.370184 0.000000
0.442533 1.000000
0.254856 1.000000
0.560626 0.000000
0.524398 0.000000
0.525547 0.000000
0.498187 0.000000
0.643711 1.000000
0.639762 1.000000
0.234175 0.000000
0.471042 0.000000
0.533949 0.000000
0.501275 1.000000
0.324441 1.000000
0.232487 0.000000
0.180748 0.000000
0.252163 0.000000
0.572870 1.000000
0.321066 1.000000
0.161825 0.000000
0.190155 0.000000
0.214175 0.000000
0.593839 1.000000
0.481742 1.000000
0.505332 0.000000
0.462712 0.000000
0.300815 0.000000
0.404976 0.000000
0.694804 1.000000
0.677211 1.000000
0.352734 0.000000
0.523500 0.000000
0.910237 0.000000
0.910237 0.000000
0.443467 1.000000
0.185092 0.000000
0.141611 0.000000
0.210010 0.000000
0.212344 0.000000
0.694804 1.000000
0.497505 0.000000
0.415999 1.000000
0.340562 0.000000
0.194894 0.000000
0.409680 0.000000
0.443467 1.000000
0.461599 0.000000
0.337977 1.000000
0.493950 1.000000
0.625471 0.000000
0.127895 0.000000
0.274568 0.000000
0.689526 1.000000
0.573229 1.000000
0.511508 0.000000
0.466770 0.000000
0.558831 0.000000
0.267459 0.000000
0.580302 1.000000
0.464220 1.000000
0.211698 0.000000
0.353452 0.000000
0.307817 0.000000
0.811964 0.000000
0.874331 1.000000
0.874331 1.000000
0.265664 0.000000
0.379340 0.000000
0.410255 0.000000
0.518437 0.000000
0.712757 1.000000
0.712757 1.000000
0.487379 0.000000
0.587088 0.000000
0.587088 0.000000
0.931780 0.000000
0.931780 1.000000
0.612330 1.000000
0.353811 0.000000
0.291228 0.000000
0.390148 0.000000
0.715199 0.000000
0.826398 1.000000
0.874331 1.000000
0.375498 0.000000
0.401063 0.000000
0.453485 0.000000
0.588417 0.000000
0.712757 1.000000
0.712757 1.000000
0.222936 0.000000
0.274568 0.000000
0.263976 0.000000
0.600122 0.000000
0.712757 1.000000
0.590643 1.000000
0.193889 0.000000
0.189652 0.000000
0.197408 0.000000
0.337726 0.000000
0.628308 1.000000
0.572295 1.000000
0.311084 0.000000
0.409716 0.000000
0.712757 0.000000
0.712757 1.000000
0.472012 1.000000
0.298409 0.000000
0.315285 0.000000
0.355966 0.000000
0.492693 0.000000
0.712757 1.000000
0.552727 1.000000
0.370543 0.000000
0.391297 0.000000
0.257262 0.000000
0.371656 1.000000
0.276974 1.000000
0.273958 0.000000
0.334422 0.000000
0.351801 0.000000
0.845751 0.000000
0.874331 1.000000
0.683925 1.000000
0.594054 0.000000
0.579871 0.000000
0.662597 0.000000
0.766615 1.000000
0.473879 0.000000
0.476356 0.000000
0.644788 0.000000
0.549280 0.000000
0.587088 0.000000
0.587088 0.000000
0.620373 0.000000
0.712757 1.000000
0.558436 1.000000
0.317260 0.000000
0.361711 0.000000
0.455783 0.000000
0.806542 0.000000
0.874331 1.000000
0.874331 1.000000
0.538724 0.000000
0.584144 0.000000
0.336433 0.000000
0.402930 1.000000
0.359843 0.000000
0.375103 0.000000
0.576712 0.000000
0.674913 1.000000
0.570751 0.000000
0.420452 0.000000
0.698503 0.000000
0.779433 0.000000
0.668594 1.000000
0.289577 0.000000
0.328175 0.000000
0.209041 0.000000
0.371656 1.000000
0.250296 1.000000
0.250655 0.000000
0.285591 0.000000
0.481814 0.000000
0.558651 0.000000
0.587088 1.000000
0.587088 1.000000
0.614161 0.000000
0.586047 0.000000
0.425909 0.000000
0.548634 0.000000
0.712757 1.000000
0.683530 1.000000
0.671430 0.000000
0.671969 0.000000
0.622671 0.000000
0.562852 0.000000
0.620875 1.000000
0.546767 1.000000
0.242577 0.000000
0.257585 0.000000
0.483214 0.000000
0.409572 1.000000
0.428746 1.000000
0.403756 0.000000
0.182722 0.000000
0.195505 0.000000
0.766615 1.000000
0.766615 0.000000
0.766615 0.000000
0.712757 1.000000
0.712757 1.000000
0.224157 0.000000
0.276399 0.000000
0.258159 0.000000
0.790564 0.000000
0.874331 1.000000
0.831783 1.000000
0.517145 0.000000
0.502316 0.000000
0.357869 0.000000
0.574917 1.000000
0.555959 1.000000
0.211483 0.000000
0.247603 0.000000
0.284658 0.000000
0.485081 0.000000
0.266023 0.000000
0.282898 0.000000
0.360885 0.000000
0.810204 0.000000
0.874331 1.000000
0.772970 1.000000
0.350831 0.000000
0.409536 0.000000
0.511723 0.000000
0.723529 1.000000
0.723529 1.000000
0.434778 0.000000
0.246454 0.000000
0.417148 0.000000
0.545833 0.000000
0.712757 1.000000
0.570285 1.000000
0.290295 0.000000
0.490826 0.000000
0.452264 0.000000
0.349790 0.000000
0.520125 1.000000
0.416538 0.000000
0.381458 0.000000
0.388316 0.000000
0.430433 0.000000
0.712757 1.000000
0.712757 1.000000
0.683782 0.000000
0.383649 0.000000
0.382320 0.000000
0.266274 0.000000
0.338911 1.000000
0.264622 1.000000
0.306991 0.000000
0.321066 0.000000
0.333166 0.000000
0.591182 0.000000
0.712757 1.000000
0.643855 1.000000
0.429033 0.000000
0.723529 0.000000
0.351406 0.000000
0.452264 0.000000
0.874331 1.000000
0.569567 0.000000
0.582385 0.000000
0.347133 0.000000
0.815985 0.000000
0.874331 1.000000
0.823561 1.000000
0.260924 0.000000
0.619116 0.000000
0.220423 0.000000
0.508492 1.000000
0.343901 1.000000
0.422067 0.000000
0.806614 0.000000
0.842376 1.000000
0.173602 0.000000
0.238340 0.000000
0.225270 0.000000
0.340634 0.000000
0.671538 1.000000
0.516642 1.000000
0.159420 0.000000
0.178880 0.000000
0.147643 0.000000
0.216725 0.000000
0.230117 0.000000
0.293885 0.000000
0.317332 0.000000
0.449822 1.000000
0.264587 1.000000
0.321532 0.000000
0.309935 0.000000
0.314100 0.000000
0.166744 0.000000
0.483717 1.000000
0.358407 1.000000
0.282180 0.000000
0.228681 0.000000
0.278231 0.000000
0.415425 1.000000
0.274030 1.000000
0.354422 0.000000
0.346953 0.000000
0.193063 0.000000
0.852034 1.000000
0.636566 1.000000
0.340455 0.000000
0.390327 0.000000
0.364475 0.000000
0.501023 0.000000
0.593946 0.000000
0.206384 0.000000
0.219813 0.000000
0.472048 1.000000
0.384295 1.000000
0.123084 0.000000
0.123407 0.000000
0.164518 0.000000
0.388891 1.000000
0.274927 1.000000
0.182543 0.000000
0.302251 0.000000
0.274461 0.000000
0.339844 0.000000
0.443467 1.000000
0.340060 1.000000
0.695020 0.000000
0.702919 0.000000
0.620732 0.000000
0.758213 0.000000
0.616244 1.000000
0.556102 1.000000
0.295752 0.000000
0.674410 0.000000
0.463430 0.000000
0.308499 1.000000
0.766687 1.000000
0.874331 0.000000
0.874331 0.000000
0.196905 0.000000
0.254784 0.000000
0.418980 1.000000
0.538257 0.000000
