0.946142 0.090909
0.946142 0.118182
0.303867 0.872727
0.031561 0.872727
0.196402 0.872727
0.247747 0.000000
0.457829 0.636364
0.270260 0.872727
0.299415 0.872727
0.327277 0.872727
0.157732 0.872727
0.335751 0.636364
0.315069 0.090909
0.113425 0.872727
0.204266 0.872727
0.159671 0.872727
0.423252 0.636364
0.438871 0.872727
0.205917 0.872727
0.301892 0.872727
0.185631 0.872727
0.443467 0.636364
0.443467 0.636364
0.145596 0.872727
0.231805 0.872727
0.780762 0.872727
1.000000 0.636364
0.950594 0.527273
0.305878 0.872727
0.457829 0.090909
0.175039 0.872727
0.849557 0.872727
0.946142 0.636364
0.946142 0.527273
0.240243 0.872727
0.227389 0.872727
0.311264 0.872727
0.341819 0.872727
0.353704 0.636364
0.353704 0.636364
0.371656 0.872727
0.378837 0.872727
0.457829 0.636364
0.166888 0.636364
0.579333 0.872727
0.844638 0.872727
0.808409 0.872727
0.316613 0.872727
0.457829 0.636364
0.457829 0.636364
0.265736 0.872727
0.335751 0.872727
0.163657 0.872727
0.341819 0.872727
0.443467 0.636364
0.443467 0.636364
0.188144 0.872727
0.296327 0.872727
0.199454 0.872727
0.150300 0.872727
0.112276 0.454545
0.221428 0.636364
0.180748 0.872727
0.220638 0.872727
0.095616 0.509091
0.466195 0.872727
0.817637 0.636364
0.917849 0.636364
0.080967 0.872727
0.086316 0.872727
0.093677 0.872727
0.634627 0.872727
0.616603 0.636364
0.550070 0.636364
0.098955 0.872727
0.052781 0.872727
0.082259 0.872727
0.239237 0.636364
0.172633 0.636364
0.377222 0.872727
0.446304 0.872727
0.113461 0.872727
0.244767 0.636364
0.459229 0.872727
0.553194 0.872727
0.178809 0.636364
0.250655 0.636364
0.051524 0.872727
0.153819 0.872727
0.154968 0.872727
0.562493 0.872727
0.599296 0.872727
0.517935 0.872727
0.885031 0.636364
0.961904 0.636364
0.457829 0.872727
0.250332 0.872727
0.222505 0.872727
0.168468 0.872727
0.222039 0.636364
0.282539 0.636364
0.161215 0.872727
0.245988 0.872727
0.285699 0.872727
0.457829 0.636364
0.295142 0.636364
0.410865 0.872727
0.429249 0.872727
0.436537 0.872727
0.229579 0.872727
0.260457 0.636364
0.239632 0.636364
0.990270 0.872727
0.089440 0.872727
0.069513 0.872727
0.048759 0.872727
0.122581 0.636364
0.128757 0.872727
0.161359 0.872727
0.096442 0.872727
0.885785 0.636364
0.665111 0.636364
0.050160 0.872727
0.069477 0.872727
0.074504 0.872727
0.842770 0.636364
0.085527 0.872727
0.069513 0.872727
0.110050 0.872727
0.143298 0.872727
0.900578 0.636364
0.666691 0.636364
0.180532 0.636364
0.425514 0.090909
0.277620 0.090909
0.318911 0.872727
0.093785 0.872727
0.893469 0.872727
0.946142 0.636364
0.946142 0.636364
0.217371 0.872727
0.184338 0.872727
0.186672 0.872727
0.209292 0.872727
0.425514 0.636364
0.425514 0.636364
0.092349 0.872727
0.142077 0.872727
0.159061 0.872727
0.571721 0.872727
0.946142 0.636364
0.946142 0.636364
0.286130 0.872727
0.281175 0.872727
0.355176 0.872727
0.184230 0.636364
0.245629 0.636364
0.282360 0.872727
0.358048 0.872727
0.425514 0.090909
0.426125 0.872727
0.967685 0.636364
0.967685 0.636364
0.155147 0.090909
0.164482 0.872727
0.905748 0.872727
1.000000 0.636364
1.000000 0.636364
0.287279 0.872727
0.425514 0.872727
0.317080 0.872727
0.282970 0.872727
0.224444 0.636364
0.407562 0.636364
0.286597 0.872727
0.381387 0.872727
0.217335 0.872727
0.425514 0.872727
0.425514 0.636364
0.425514 0.636364
0.751750 0.872727
0.838067 0.872727
0.946142 0.872727
0.837385 0.872727
0.967685 0.636364
0.967685 0.636364
0.300205 0.872727
0.304513 0.872727
0.321030 0.872727
0.264299 0.872727
0.371656 0.636364
0.371656 0.636364
0.271049 0.872727
0.271839 0.872727
0.269865 0.872727
0.425514 0.872727
0.425514 0.636364
0.425514 0.636364
0.317798 0.872727
0.228394 0.872727
0.242253 0.872727
0.554702 0.872727
0.407131 0.872727
0.311192 0.872727
0.425514 0.636364
0.197587 0.636364
0.192668 0.872727
0.170586 0.872727
0.147356 0.872727
0.946142 0.872727
0.946142 0.636364
0.946142 0.636364
0.301066 0.872727
0.239058 0.872727
0.335751 0.872727
0.335751 0.636364
0.335751 0.636364
0.216402 0.872727
0.254569 0.872727
0.257298 0.872727
0.425514 0.872727
0.364691 0.872727
0.425514 0.872727
0.228179 0.872727
0.425514 0.636364
0.386413 0.636364
0.946142 0.872727
0.690711 0.872727
0.821622 0.872727
0.967685 0.872727
0.967685 0.636364
0.847869 0.636364
0.142042 0.872727
0.181430 0.872727
0.246239 0.872727
0.315141 0.872727
0.335751 0.636364
0.335751 0.636364
0.235898 0.872727
0.228430 0.872727
0.299989 0.872727
0.298409 0.872727
0.425514 0.636364
0.425514 0.636364
0.357869 0.872727
0.764174 0.872727
0.956483 0.872727
0.269111 0.872727
0.425514 0.636364
0.374062 0.636364
0.201142 0.872727
0.711070 0.872727
0.425514 0.872727
0.601307 0.872727
0.851675 0.636364
0.624179 0.636364
0.309432 0.636364
0.255862 0.872727
0.373308 0.636364
0.202075 0.872727
0.374385 0.636364
0.285591 0.636364
0.610463 0.872727
0.110409 0.872727
0.178019 0.872727
0.184697 0.872727
0.967685 0.009091
0.867007 0.090909
0.425514 0.872727
0.175721 0.872727
0.703170 0.872727
0.946142 0.636364
0.946142 0.090909
0.368928 0.872727
0.265017 0.872727
0.317332 0.872727
0.248968 0.872727
0.425514 0.872727
0.186277 0.872727
0.946142 0.872727
0.946142 0.636364
0.946142 0.090909
0.180101 0.872727
0.275035 0.872727
0.425514 0.090909
0.341855 0.090909
0.357294 0.872727
0.357294 0.872727
0.357294 0.872727
0.435352 0.872727
0.425514 0.636364
0.425514 0.636364
0.309684 0.872727
0.290187 0.872727
0.264515 0.872727
0.982047 0.872727
0.982047 0.636364
0.982047 0.636364
0.235898 0.872727
0.365409 0.872727
0.259811 0.872727
0.317367 0.872727
0.425514 0.636364
0.425514 0.636364
0.946142 0.872727
0.812754 0.872727
0.920972 0.872727
0.693332 0.872727
0.967685 0.636364
0.967685 0.636364
0.425514 0.872727
0.425514 0.545455
0.324405 0.872727
0.982047 0.636364
0.982047 0.636364
0.320096 0.872727
0.359125 0.872727
0.425514 0.872727
0.371656 0.872727
0.371656 0.636364
0.371656 0.636364
0.233349 0.872727
0.268393 0.872727
0.293203 0.872727
0.332519 0.872727
0.425514 0.636364
0.349718 0.636364
0.869197 0.872727
0.946142 0.872727
0.917525 0.872727
0.276076 0.872727
0.352447 0.636364
0.201573 0.636364
0.234534 0.872727
0.425514 0.872727
0.425514 0.636364
0.302467 0.636364
0.276579 0.872727
0.100032 0.636364
0.080859 0.872727
0.197156 0.872727
0.160353 0.872727
0.164303 0.872727
0.198880 0.872727
0.282072 0.872727
0.425514 0.872727
0.284586 0.636364
0.758393 0.636364
0.809019 0.872727
0.860400 0.872727
0.946142 0.872727
0.946142 0.872727
0.669958 0.636364
0.169617 0.636364
0.169940 0.872727
0.188898 0.872727
0.372518 0.872727
0.265161 0.636364
0.641341 0.636364
0.613838 0.872727
0.864206 0.872727
0.686869 0.636364
0.134214 0.636364
0.086245 0.872727
0.054361 0.872727
0.293131 0.872727
0.240853 0.636364
0.195361 0.636364
0.123838 0.872727
0.304298 0.872727
0.187175 0.636364
0.483717 0.636364
0.058167 0.872727
0.054145 0.872727
0.108075 0.872727
0.780977 0.872727
0.659402 0.636364
0.455064 0.636364
0.138523 0.872727
0.000000 0.872727
0.195576 0.272727
0.539550 0.636364
0.453880 0.636364
0.199382 0.872727
0.069764 0.872727
0.114179 0.872727
0.125741 0.872727
0.245198 0.636364
0.231230 0.636364
0.197587 0.872727
0.146637 0.872727
0.111773 0.872727
0.170299 0.636364
0.182184 0.636364
0.304154 0.636364
0.307422 0.872727
0.315213 0.636364
0.048724 0.872727
0.212667 0.636364
0.425514 0.090909
0.425514 0.090909
0.231195 0.872727
0.176008 0.872727
0.177803 0.872727
0.499803 0.872727
0.681017 0.090909
0.241607 0.872727
0.266023 0.872727
0.231302 0.872727
0.189113 0.872727
0.366091 0.872727
0.267890 0.872727
0.694517 0.872727
0.967685 0.090909
0.140641 0.872727
0.109116 0.872727
0.425514 0.872727
0.425514 0.636364
0.425514 0.090909
0.946142 0.872727
0.946142 0.872727
0.946142 0.872727
0.425514 0.872727
0.425514 0.636364
0.425514 0.090909
0.311838 0.872727
0.244731 0.872727
0.301641 0.872727
0.407562 0.636364
0.418333 0.636364
0.425514 0.872727
0.338372 0.872727
0.425514 0.872727
0.946142 0.636364
0.946142 0.636364
0.946142 0.636364
0.265700 0.872727
0.287710 0.872727
0.300241 0.872727
0.294603 0.872727
0.425514 0.636364
0.425514 0.636364
0.339557 0.872727
0.425514 0.636364
0.339449 0.636364
0.293813 0.872727
0.436825 0.872727
0.793724 0.090909
0.425514 0.872727
0.425514 0.636364
0.425514 0.636364
0.125848 0.872727
0.157876 0.872727
0.194284 0.872727
0.425514 0.636364
0.340311 0.636364
0.202004 0.872727
0.218233 0.872727
0.310510 0.872727
0.300241 0.872727
0.296722 0.872727
0.299630 0.636364
0.256113 0.636364
0.207353 0.872727
0.562960 0.872727
0.373308 0.818182
0.946142 0.818182
0.297153 0.872727
0.228179 0.872727
0.665937 0.872727
0.853973 0.872727
0.946142 0.872727
0.294101 0.872727
0.429464 0.818182
0.295357 0.818182
0.239237 0.872727
0.212632 0.872727
0.175505 0.872727
0.196618 0.872727
0.194499 0.818182
0.418333 0.872727
0.481168 0.872727
0.208072 0.872727
0.225809 0.872727
0.201788 0.818182
0.120857 0.818182
0.563534 0.872727
0.740512 0.872727
0.169868 0.818182
0.222793 0.872727
0.319737 0.818182
0.188144 0.818182
0.092205 0.872727
0.334387 0.818182
0.255323 0.818182
0.087358 0.872727
0.079674 0.872727
0.091810 0.872727
0.171161 0.818182
0.108721 0.636364
0.136871 0.872727
0.146673 0.872727
0.494417 0.872727
0.576568 0.872727
0.253851 0.636364
0.105346 0.636364
0.069190 0.872727
0.067323 0.872727
0.591577 0.872727
0.476069 0.872727
0.063840 0.872727
0.074683 0.872727
0.199634 0.636364
0.045492 0.636364
0.093605 0.636364
0.842735 0.636364
0.622132 0.636364
0.043302 0.872727
0.019138 0.872727
0.151197 0.872727
0.256616 0.872727
0.413558 0.636364
0.037988 0.636364
0.181071 0.872727
0.018814 0.872727
0.158630 0.090909
0.267603 0.872727
0.335751 0.090909
0.329647 0.090909
0.766615 0.872727
0.258698 0.872727
0.247998 0.872727
0.698934 0.872727
0.827582 0.636364
0.861728 0.090909
0.244515 0.872727
0.278087 0.872727
0.307709 0.872727
0.547305 0.872727
0.766615 0.636364
0.641952 0.090909
0.321891 0.872727
0.411296 0.872727
0.443934 0.872727
0.691824 0.636364
0.803167 0.090909
0.793831 0.872727
0.910237 0.636364
0.653513 0.090909
0.162005 0.872727
0.387634 0.872727
0.487451 0.872727
0.766615 0.636364
0.766615 0.090909
0.766615 0.090909
0.282252 0.872727
0.443467 0.636364
0.388532 0.090909
0.142652 0.872727
0.145058 0.872727
0.190909 0.872727
0.517683 0.872727
0.766615 0.636364
0.613622 0.090909
0.189939 0.872727
0.390291 0.872727
0.310797 0.872727
0.408926 0.872727
0.408926 0.636364
0.408926 0.090909
0.266095 0.872727
0.282396 0.872727
0.222757 0.872727
0.314280 0.872727
0.705217 0.636364
0.467236 0.636364
0.193638 0.872727
0.328498 0.872727
0.293311 0.872727
0.910237 0.636364
0.910237 0.636364
0.756274 0.636364
0.220064 0.872727
0.195971 0.872727
0.294819 0.872727
0.411834 0.872727
0.850023 0.636364
0.618182 0.636364
0.226958 0.872727
0.194930 0.872727
0.276112 0.872727
0.657678 0.872727
0.792611 0.636364
0.699724 0.636364
0.225486 0.872727
0.261750 0.872727
0.245844 0.872727
0.190406 0.872727
0.141611 0.872727
0.251014 0.872727
0.425514 0.818182
0.309971 0.818182
0.329073 0.872727
0.223978 0.872727
0.302036 0.872727
0.573444 0.872727
0.766615 0.818182
0.410434 0.818182
0.292449 0.872727
0.235395 0.872727
0.179419 0.872727
0.177301 0.872727
0.347277 0.818182
0.287925 0.818182
0.237622 0.872727
0.249973 0.872727
0.257370 0.872727
0.271696 0.872727
0.668055 0.872727
0.232774 0.872727
0.442174 0.872727
0.367132 0.818182
0.315321 0.818182
0.256185 0.872727
0.223475 0.872727
0.526265 0.818182
0.757854 0.872727
0.561632 0.818182
0.023195 0.872727
0.251804 0.872727
0.341998 0.872727
0.248178 0.872727
0.372195 0.818182
0.188826 0.818182
0.248465 0.636364
0.174536 0.090909
0.523213 0.090909
0.372374 0.090909
0.167678 0.872727
0.263509 0.872727
0.443467 0.636364
0.443467 0.090909
0.065635 0.872727
0.085275 0.872727
0.159815 0.090909
0.130157 0.636364
0.086281 0.090909
0.138487 0.872727
0.460630 0.872727
0.864278 0.090909
0.104664 0.636364
0.086352 0.090909
0.076299 0.872727
0.153316 0.872727
0.284478 0.872727
0.766615 0.090909
0.473448 0.090909
0.420272 0.872727
0.202758 0.872727
0.607303 0.636364
0.480378 0.090909
0.231661 0.872727
0.222721 0.872727
0.302646 0.872727
0.175936 0.872727
0.316937 0.636364
0.296578 0.090909
0.757639 0.872727
0.475890 0.872727
0.306452 0.872727
0.536031 0.636364
0.190586 0.090909
0.199777 0.872727
0.201142 0.872727
0.223259 0.872727
0.684464 0.872727
0.910237 0.636364
0.910237 0.090909
0.228538 0.872727
0.390183 0.872727
0.547700 0.872727
0.631719 0.636364
0.371656 0.090909
0.147607 0.872727
0.151987 0.872727
0.198700 0.872727
0.425514 0.636364
0.413989 0.090909
0.219777 0.872727
0.276148 0.872727
0.354458 0.872727
0.700513 0.636364
0.589566 0.090909
0.273132 0.872727
0.429284 0.872727
0.323974 0.872727
0.372949 0.872727
0.663423 0.636364
0.687947 0.090909
0.403684 0.872727
0.443467 0.872727
0.443467 0.872727
0.437184 0.872727
0.517899 0.636364
0.433198 0.636364
0.483573 0.872727
0.468278 0.872727
0.517540 0.872727
0.626907 0.636364
0.371908 0.636364
0.121396 0.872727
0.206923 0.872727
0.100930 0.872727
0.146745 0.872727
0.339234 0.636364
0.509066 0.872727
0.456501 0.872727
0.525511 0.872727
0.200603 0.872727
0.405156 0.636364
0.174644 0.872727
0.173997 0.872727
0.156152 0.872727
0.485117 0.636364
0.266202 0.636364
0.208790 0.872727
0.237047 0.872727
0.379089 0.872727
0.694804 0.818182
0.436968 0.818182
0.242397 0.872727
0.223547 0.872727
0.272127 0.872727
0.415066 0.872727
0.840652 0.818182
0.138092 0.872727
0.247029 0.872727
0.185487 0.872727
0.173387 0.872727
0.168145 0.872727
0.155111 0.872727
0.533984 0.818182
0.281139 0.818182
0.152598 0.872727
0.262396 0.872727
0.259057 0.872727
0.390937 0.872727
0.443467 0.818182
0.368138 0.818182
0.425514 0.872727
0.403504 0.872727
0.340239 0.872727
0.377258 0.872727
0.304980 0.818182
0.253492 0.818182
0.186313 0.872727
0.258519 0.872727
0.542279 0.872727
0.910237 0.818182
0.394169 0.872727
0.216545 0.872727
0.252271 0.872727
0.363434 0.872727
0.766615 0.818182
0.512585 0.818182
0.108901 0.872727
0.455531 0.872727
0.357474 0.872727
0.404007 0.872727
0.581559 0.818182
0.292665 0.818182
0.335751 0.872727
0.315536 0.872727
0.226635 0.872727
0.301246 0.872727
0.327636 0.636364
0.235970 0.090909
0.199418 0.872727
0.224265 0.872727
0.674123 0.872727
0.437758 0.636364
0.452767 0.090909
0.195182 0.872727
0.206348 0.872727
0.126136 0.872727
0.778967 0.636364
0.708736 0.090909
0.393989 0.872727
0.131916 0.872727
0.141431 0.872727
0.361639 0.090909
0.815626 0.090909
0.478259 0.090909
0.325626 0.872727
0.245916 0.872727
0.525008 0.090909
0.910237 0.090909
0.038957 0.872727
0.210800 0.872727
0.371656 1.000000
0.349646 0.636364
0.658181 0.872727
0.190370 0.872727
0.222865 0.872727
0.578543 0.636364
0.554738 0.090909
0.339449 0.872727
0.666475 0.872727
0.210190 0.872727
0.309720 0.872727
0.418656 0.090909
0.168719 0.872727
0.167391 0.872727
0.173459 0.872727
0.408747 0.872727
0.741051 0.636364
0.603928 0.090909
0.222362 0.872727
0.252486 0.872727
0.309504 0.872727
0.632078 0.636364
0.476536 0.636364
0.159061 0.872727
0.313310 0.872727
0.712757 0.090909
0.587088 0.872727
0.587088 0.636364
0.515385 0.636364
0.232415 0.872727
0.240709 0.872727
0.460845 0.872727
0.712757 0.636364
0.518007 0.090909
0.713296 0.872727
0.701339 0.872727
0.740045 0.872727
0.372877 0.872727
0.562888 0.636364
0.409752 0.090909
0.281139 0.872727
0.476931 0.872727
0.500018 0.872727
0.373487 0.872727
0.589530 0.636364
0.303903 0.090909
0.645399 0.872727
0.638613 0.872727
0.660802 0.872727
0.300851 0.872727
0.626548 0.636364
0.280888 0.872727
0.336792 0.872727
0.369717 0.872727
0.518832 0.872727
0.466770 0.636364
0.271624 0.636364
0.157912 0.872727
0.109368 0.872727
0.207641 0.872727
0.658648 0.872727
0.910237 0.636364
0.707048 0.636364
0.248501 0.872727
0.094359 0.872727
0.241392 0.872727
0.192525 0.872727
0.371656 0.636364
0.343866 0.636364
0.181897 0.872727
0.260314 0.872727
0.276148 0.872727
0.483322 0.872727
0.587088 0.818182
0.533949 0.818182
0.196725 0.872727
0.229866 0.872727
0.662310 0.872727
0.910237 0.818182
0.706151 0.818182
0.163262 0.872727
0.279415 0.872727
0.337295 0.872727
0.372554 0.872727
0.295609 0.872727
0.436609 0.872727
0.275933 0.872727
0.487451 0.818182
0.316290 0.818182
0.191519 0.872727
0.208502 0.872727
0.244049 0.872727
0.481922 0.872727
0.910237 0.818182
0.751966 0.818182
0.656781 0.872727
0.511974 0.872727
0.479013 0.872727
0.370184 0.872727
0.442533 0.818182
0.254856 0.818182
0.560626 0.872727
0.524398 0.872727
0.525547 0.872727
0.498187 0.872727
0.643711 0.818182
0.639762 0.818182
0.234175 0.872727
0.471042 0.872727
0.533949 0.872727
0.501275 0.818182
0.324441 0.818182
0.232487 0.872727
0.180748 0.872727
0.252163 0.872727
0.572870 0.818182
0.321066 0.818182
0.161825 0.872727
0.190155 0.872727
0.214175 0.872727
0.593839 0.636364
0.481742 0.090909
0.505332 0.872727
0.462712 0.872727
0.300815 0.872727
0.404976 0.872727
0.694804 0.636364
0.677211 0.636364
0.352734 0.872727
0.523500 0.090909
0.910237 0.090909
0.910237 0.090909
0.443467 0.090909
0.185092 0.872727
0.141611 0.872727
0.210010 0.872727
0.212344 0.872727
0.694804 0.090909
0.497505 0.872727
0.415999 0.090909
0.340562 0.090909
0.194894 0.872727
0.409680 0.872727
0.443467 0.636364
0.461599 1.000000
0.337977 0.090909
0.493950 0.090909
0.625471 0.872727
0.127895 0.872727
0.274568 0.872727
0.689526 0.636364
0.573229 0.090909
0.511508 0.872727
0.466770 0.872727
0.558831 0.872727
0.267459 0.872727
0.580302 0.636364
0.464220 0.090909
0.211698 0.872727
0.353452 0.872727
0.307817 0.872727
0.811964 0.872727
0.874331 0.636364
0.874331 0.090909
0.265664 0.872727
0.379340 0.872727
0.410255 0.872727
0.518437 0.872727
0.712757 0.636364
0.712757 0.090909
0.487379 0.872727
0.587088 0.090909
0.587088 0.872727
0.931780 0.090909
0.931780 0.636364
0.612330 0.090909
0.353811 0.872727
0.291228 0.872727
0.390148 0.872727
0.715199 0.872727
0.826398 0.636364
0.874331 0.090909
0.375498 0.872727
0.401063 0.872727
0.453485 0.872727
0.588417 0.872727
0.712757 0.636364
0.712757 0.090909
0.222936 0.872727
0.274568 0.872727
0.263976 0.872727
0.600122 0.872727
0.712757 0.636364
0.590643 0.090909
0.193889 0.872727
0.189652 0.872727
0.197408 0.872727
0.337726 0.872727
0.628308 0.636364
0.572295 0.636364
0.311084 0.872727
0.409716 0.872727
0.712757 0.872727
0.712757 0.636364
0.472012 0.636364
0.298409 0.872727
0.315285 0.872727
0.355966 0.872727
0.492693 0.872727
0.712757 0.872727
0.552727 0.872727
0.370543 0.872727
0.391297 0.872727
0.257262 0.872727
0.371656 0.636364
0.276974 0.636364
0.273958 0.872727
0.334422 0.872727
0.351801 0.872727
0.845751 0.872727
0.874331 0.818182
0.683925 0.818182
0.594054 0.872727
0.579871 0.872727
0.662597 0.872727
0.766615 0.818182
0.473879 0.872727
0.476356 0.872727
0.644788 0.872727
0.549280 0.872727
0.587088 0.872727
0.587088 0.872727
0.620373 0.872727
0.712757 0.818182
0.558436 0.818182
0.317260 0.872727
0.361711 0.872727
0.455783 0.872727
0.806542 0.872727
0.874331 0.818182
0.874331 0.818182
0.538724 0.872727
0.584144 0.872727
0.336433 0.872727
0.402930 0.818182
0.359843 0.872727
0.375103 0.872727
0.576712 0.872727
0.674913 0.818182
0.570751 0.818182
0.420452 0.872727
0.698503 0.872727
0.779433 0.872727
0.668594 0.818182
0.289577 0.872727
0.328175 0.872727
0.209041 0.872727
0.371656 0.818182
0.250296 0.818182
0.250655 0.872727
0.285591 0.872727
0.481814 0.872727
0.558651 0.872727
0.587088 0.636364
0.587088 0.090909
0.614161 0.872727
0.586047 0.872727
0.425909 0.872727
0.548634 0.872727
0.712757 0.636364
0.683530 0.090909
0.671430 0.872727
0.671969 0.872727
0.622671 0.872727
0.562852 0.872727
0.620875 0.636364
0.546767 0.090909
0.242577 0.872727
0.257585 0.872727
0.483214 0.872727
0.409572 0.636364
0.428746 0.090909
0.403756 0.872727
0.182722 0.872727
0.195505 0.872727
0.766615 0.090909
0.766615 0.090909
0.766615 0.090909
0.712757 0.090909
0.712757 0.090909
0.224157 0.872727
0.276399 0.872727
0.258159 0.872727
0.790564 0.872727
0.874331 0.636364
0.831783 0.090909
0.517145 0.872727
0.502316 0.872727
0.357869 0.872727
0.574917 0.636364
0.555959 0.090909
0.211483 0.872727
0.247603 0.872727
0.284658 0.872727
0.485081 0.872727
0.266023 0.872727
0.282898 0.872727
0.360885 0.872727
0.810204 0.872727
0.874331 0.636364
0.772970 0.090909
0.350831 0.872727
0.409536 0.872727
0.511723 0.872727
0.723529 0.636364
0.723529 0.090909
0.434778 0.872727
0.246454 0.872727
0.417148 0.872727
0.545833 0.872727
0.712757 0.090909
0.570285 0.090909
0.290295 0.872727
0.490826 0.872727
0.452264 0.872727
0.349790 0.872727
0.520125 0.090909
0.416538 0.872727
0.381458 0.872727
0.388316 0.872727
0.430433 0.872727
0.712757 0.636364
0.712757 0.090909
0.683782 0.090909
0.383649 0.872727
0.382320 0.872727
0.266274 0.872727
0.338911 0.636364
0.264622 0.090909
0.306991 0.872727
0.321066 0.872727
0.333166 0.872727
0.591182 0.872727
0.712757 0.636364
0.643855 0.636364
0.429033 0.872727
0.723529 0.090909
0.351406 0.872727
0.452264 0.872727
0.874331 0.636364
0.569567 0.872727
0.582385 0.872727
0.347133 0.872727
0.815985 0.872727
0.874331 0.636364
0.823561 0.636364
0.260924 0.872727
0.619116 0.872727
0.220423 0.872727
0.508492 0.636364
0.343901 0.636364
0.422067 0.872727
0.806614 0.872727
0.842376 0.636364
0.173602 0.872727
0.238340 0.872727
0.225270 0.872727
0.340634 0.872727
0.671538 0.818182
0.516642 0.818182
0.159420 0.872727
0.178880 0.872727
0.147643 0.872727
0.216725 0.872727
0.230117 0.872727
0.293885 0.872727
0.317332 0.872727
0.449822 0.818182
0.264587 0.818182
0.321532 0.872727
0.309935 0.872727
0.314100 0.872727
0.166744 0.872727
0.483717 0.818182
0.358407 0.818182
0.282180 0.872727
0.228681 0.872727
0.278231 0.872727
0.415425 0.818182
0.274030 0.818182
0.354422 0.872727
0.346953 0.872727
0.193063 0.872727
0.852034 0.818182
0.636566 0.818182
0.340455 0.872727
0.390327 0.818182
0.364475 0.872727
0.501023 0.872727
0.593946 0.872727
0.206384 0.872727
0.219813 0.872727
0.472048 0.636364
0.384295 0.090909
0.123084 0.872727
0.123407 0.872727
0.164518 0.872727
0.388891 0.636364
0.274927 0.090909
0.182543 0.872727
0.302251 0.872727
0.274461 0.872727
0.339844 0.872727
0.443467 0.636364
0.340060 0.090909
0.695020 0.090909
0.702919 0.090909
0.620732 0.872727
0.758213 0.872727
0.616244 0.636364
0.556102 0.090909
0.295752 0.872727
0.674410 0.090909
0.463430 0.872727
0.308499 0.272727
0.766687 0.090909
0.874331 0.090909
0.874331 0.872727
0.196905 0.872727
0.254784 0.872727
0.418980 0.636364
0.538257 0.872727
