1	49.9	22000
2	42.8	7854
3	51.3	7556
4	48.1	15892
5	46.9	22000
6	73.6	18528
7	63.5	9614
8	46.3	12104
9	87.3	5161
10	74.4	11445
11	58.1	14225
12	47.1	22000
13	60.3	22000
14	43.8	22000
15	55.6	15067
16	46.6	22000
17	47.9	17739
18	78	5939
19	70.3	11519
20	64.1	9305
21	51	8060
22	60.5	8514
23	53.1	6853
24	42.5	9402
25	45.9	20290
26	55.6	13662
27	64.9	6778
28	59.5	6107
29	78.1	8860
30	72.8	6970
31	59.6	6078
32	63.9	8339
33	71.1	6929
34	68.1	7939
35	68.3	7496
36	62.3	5952
37	91.3	4593
38	61.6	16620
39	68.1	22000
40	77.8	12080
41	72.3	8794
42	70.9	7205
43	73.1	5646
44	69.8	8216
45	64.6	10874
46	71	9431
47	68.3	7784
48	76.1	6873
49	71	15306
50	68.6	16291
51	88.4	1295
52	71.9	11015
53	73.6	5098
54	71.8	15221
55	53.9	11020
56	67	2477
57	70	3024
58	65.6	5100
59	61.6	4274
60	55	3052
61	52.1	3564
62	68.9	3054
63	73.3	2774
64	48.9	8572
65	38.4	22000
66	49.4	13835
67	67.1	7101
68	61.4	6852
69	57.5	9078
70	46.9	9184
71	41	15578
72	84.1	5957
73	53.9	6213
74	52.5	6251
75	48.1	6867
76	79	7014
77	68.6	11516
78	70.4	15903
79	68.9	18243
80	67.3	6770
81	47.9	8340
82	57.5	10521
83	49.3	20159
84	40.1	17069
85	44.1	11036
86	49.5	19126
87	44.3	19809
88	44.8	12825
89	75.3	15073
90	63	12714
91	69.3	4030
92	56.4	6412
93	73.6	3460
94	50.5	4736
95	58.8	10097
96	75.6	6236
97	79.4	11933
98	90.3	4998
99	86.4	14160
100	77.6	8063
101	79.5	6464
102	74.8	7251
103	81.9	4495
104	71.4	7529
105	96.9	4969
106	81.3	15521
107	77.1	8479
108	92.1	4899
109	85.1	7957
110	83.4	7864
111	70.8	10125
112	70.5	11156
113	89.1	5838
114	81.8	7849
115	80.8	15752
116	79.9	6680
117	74.3	7675
118	88.3	22000
119	83.8	14925
120	77.5	16846
121	78.1	8800
122	83	6961
123	78.9	9039
124	60	6203
125	57.3	6895
126	89.8	12841
127	70.3	13259
128	57.9	6085
129	69.6	6396
130	68.6	4162
131	66.8	4323
132	78.4	10721
133	54.4	7498
134	79.3	15271
135	58.8	1734
136	60	6520
137	41.9	18980 
138	86.3	5951 
139	57.6	9275 
140	65.5	12309 
141	54.9	5348 
142	58.5	5311 
143	97.9	5480 
144	63.1	9269 
145	55.5	18253 
146	48.5	13921 
147	85.6	5079 
148	65.1	9375 
149	64.1	20500 
150	77.1	7122 
151	72.3	7353 
152	71.6	13484 
153	60.8	20500 
154	81.6	15076 
155	51.9	11034 
156	41.6	16326 
157	44.9	12061 
158	63.5	11051 
159	65.1	17068 
160	69.4	9113 
161	61.8	9028 
162	75.5	18099 
163	75.6	15099 
164	80.3	13649 
165	88.1	8214 
166	73.9	5047 
167	84	3695 
168	83.4	6432 
169	84.3	7570 
170	93.4	3277 
171	84.6	7372 
172	77.4	5715 
173	85.4	7899 
174	87.5	8340 
175	96.6	5196 
176	85.9	8431 
177	80.3	10043 
178	78.3	8334 
179	76.5	14225 
180	79.5	9458 
181	77.9	5983 
182	82	6456 
183	82.9	7446 
184	83.9	18941 
185	88.5	14908 
186	79.5	13990 
187	73.1	18577 
188	82.3	18467 
189	76	7171 
190	76.3	14610 
191	73	9685 
192	68.3	7672 
193	82.3	16604 
194	84.6	9591 
195	70.1	5156 
196	65	5945 
197	79.4	17188 
198	82.1	14066 
199	76.6	9027 
200	77	11928 
201	77.4	10473 
202	84	15229 
203	56.9	4593 
204	63.4	6498 
205	87.6	14505 
206	92.6	12235 
207	96.3	10134 
208	74	12059 
209	40.6	18069 
210	98.4	4211 
211	76.1	8296 
212	69.1	19853 
213	68	16614 
214	57.4	8098 
215	67.1	16811 
216	56	13578 
217	70.5	8048 
218	60.5	11214 
219	40.8	12075 
220	52.3	15088 
221	47.4	20500 
222	54.9	20500 
223	93.3	10503 
224	88.9	8760 
225	69.8	11515 
226	59.9	11107 
227	56.5	11819 
228	55.6	13279 
229	48.8	17037 
230	45.5	20500 
231	53.4	20500 
232	48.6	17363 
233	54.6	20500 
234	49.6	17099 
235	94.8	9313 
236	72.8	12060 
237	67.1	20500 
238	84.9	20500 
239	69	13795 
240	56.8	14371 
241	63.6	20500 
242	54.3	16043 
243	76.9	10969 
244	69.5	11547 
245	82.3	8279 
246	80	9963 
247	83.9	10447 
248	92.9	13847 
249	85.9	13916 
250	81.1	18607 
251	83.6	17927 
252	86.9	20500 
253	89.8	16202 
254	88.4	9485 
255	74.1	10723 
256	68.6	13343 
257	92.1	15653 
258	77.9	16918 
259	82	10671 
260	91.4	11096 
261	85.5	19446 
262	98.6	16545 
263	88.9	12359 
264	86.9	19270 
265	96.4	8714 
266	86.4	9789 
267	72.1	14068 
268	63.9	16208 
269	87.6	12511 
270	78.4	15929 
271	80.9	20500 
272	76.5	19686 
273	70.6	17941 
274	73.9	15877 
275	88	7405 
276	70.4	7823 
277	76.9	14107 
278	85.8	12056 
279	82.3	12590 
280	64.1	11894 
281	65	20500 
282	75.1	20500 
283	63.1	6892 
284	70.1	8347 
285	71.8	7839 
286	71.9	10616 
287	55.8	16661 
288	62	16133 
289	33	14159 
290	61.9	8058 
291	61.9	8528 
292	51	10700 
293	68.1	10420 
294	63	12055 
295	46.9	15851 
296	50	20500 
297	97.6	16532 
298	77.5	8734 
299	71.6	14319 
300	75.3	13245 
301	98.6	12637 
302	80.9	20500 
303	46.9	20500 
304	81	19693 
305	58.1	11334 
306	52.6	11297 
307	79.5	9199 
308	88.9	9591 
309	69.8	9928 
310	58.5	17114 
311	44	20500 
312	53.4	18581 
313	78	16512 
314	73.9	16869 
315	69.6	10317 
316	78.6	7916 
317	61.6	17892 
318	83.4	5484 
319	85	7287 
320	93.8	6923 
321	91	10136 
322	75.3	19352 
323	79.1	15038 
324	77.8	6685 
325	75.1	7058 
326	73.3	8834 
327	71.4	9487 
328	72.1	13177 
329	71.6	8018 
330	67.6	8508 
331	67.3	7018 
332	62.1	8398 
333	76.9	12219 
334	75.8	8281 
335	75.3	6026 
336	67.8	10131 
337	70.6	11520 
338	84.1	6397 
339	85.9	6771 
340	72	13796 
341	69	11352 
342	96.3	11480 
343	87.3	8306 
344	98	8293 
345	98.6	10114 
346	68.8	17812 
347	64.6	16137 
348	70.4	8886 
349	70	6133 
350	56.1	7745 
351	62.6	12318 
352	71.6	15640 
