0.257622 1.000000
0.149390 0.316783
0.278963 0.302391
0.230183 0.704999
0.211890 1.000000
0.618902 0.832311
0.464939 0.401787
0.202744 0.522048
0.827744 0.186718
0.631098 0.490220
0.382622 0.624487
0.214939 1.000000
0.416159 1.000000
0.164634 1.000000
0.344512 0.665153
0.207317 1.000000
0.227134 0.794204
0.685976 0.224294
0.568598 0.493794
0.474085 0.386863
0.274390 0.326733
0.419207 0.348660
0.306402 0.268438
0.144817 0.391548
0.196646 0.917411
0.344512 0.597295
0.486281 0.264815
0.403963 0.232408
0.687500 0.365371
0.606707 0.274088
0.405488 0.231007
0.471037 0.340208
0.580793 0.272108
0.535061 0.320889
0.538110 0.299493
0.446646 0.224922
0.888720 0.159285
0.435976 0.740159
0.535061 1.000000
0.682927 0.520889
0.599085 0.362183
0.577744 0.285438
0.611281 0.210142
0.560976 0.334267
0.481707 0.462642
0.579268 0.392949
0.538110 0.313403
0.657012 0.269404
0.579268 0.676696
0.542683 0.724270
0.844512 0.000000
0.592988 0.469452
0.618902 0.183675
0.591463 0.672591
0.318598 0.469693
0.518293 0.057088
0.564024 0.083506
0.496951 0.183772
0.435976 0.143878
0.335366 0.084859
0.291159 0.109587
0.547256 0.084955
0.614329 0.071432
0.242378 0.351461
0.082317 1.000000
0.250000 0.605651
0.519817 0.280415
0.432927 0.268389
0.373476 0.375900
0.211890 0.381019
0.121951 0.689833
0.778963 0.225163
0.318598 0.237527
0.297256 0.239362
0.230183 0.269114
0.701219 0.276213
0.542683 0.493649
0.570122 0.705530
0.547256 0.818546
0.522866 0.264429
0.227134 0.340256
0.373476 0.445593
0.248476 0.911084
0.108232 0.761845
0.169207 0.470466
0.251524 0.861193
0.172256 0.894180
0.179878 0.556870
0.644817 0.665443
0.457317 0.551509
0.553354 0.132094
0.356707 0.247138
0.618902 0.104564
0.266768 0.166192
0.393293 0.425115
0.649390 0.238638
0.707317 0.513789
0.873476 0.178846
0.814024 0.621347
0.679878 0.326878
0.708842 0.249650
0.637195 0.287660
0.745427 0.154552
0.585366 0.301087
0.974085 0.177445
0.736281 0.687080
0.672256 0.346969
0.900915 0.174064
0.794207 0.321758
0.768293 0.317266
0.576220 0.426467
0.571646 0.476262
0.855183 0.219416
0.743903 0.316542
0.728659 0.698237
0.714939 0.260082
0.629573 0.308138
0.842988 1.000000
0.774390 0.658295
0.678354 0.751075
0.687500 0.362473
0.762195 0.273654
0.699695 0.374016
0.411585 0.237044
0.370427 0.270466
0.865854 0.557643
0.568598 0.577831
0.379573 0.231345
0.557927 0.246366
0.542683 0.138469
0.515244 0.146245
0.692073 0.455252
0.326220 0.299589
0.705793 0.675006
0.393293 0.021203
0.411585 0.252355
0.135671 0.854142
0.812500 0.224873
0.375000 0.385414
0.495427 0.531949
0.333842 0.195750
0.388720 0.193963
0.989329 0.202125
0.458841 0.385124
0.342988 0.819029
0.236280 0.609804
0.801829 0.182758
0.489329 0.390244
0.474085 0.927554
0.672256 0.281430
0.599085 0.292586
0.588415 0.588698
0.423781 0.927554
0.740854 0.665588
0.288110 0.470369
0.131098 0.725960
0.181402 0.519971
0.464939 0.471191
0.489329 0.761797
0.554878 0.377590
0.439024 0.373485
0.647866 0.811591
0.649390 0.666699
0.721037 0.596667
0.839939 0.334170
0.623476 0.181212
0.777439 0.115914
0.768293 0.248104
0.782012 0.303067
0.920732 0.095726
0.786585 0.293504
0.676829 0.213475
0.798781 0.318957
0.830793 0.340256
0.969512 0.188409
0.806403 0.344651
0.721037 0.422507
0.690549 0.339966
0.663110 0.624487
0.708842 0.394253
0.684451 0.226419
0.746951 0.249263
0.760671 0.297078
0.775915 0.852258
0.846037 0.657474
0.708842 0.613137
0.611281 0.834678
0.751524 0.829365
0.655488 0.283796
0.660061 0.643081
0.609756 0.405216
0.538110 0.307993
0.751524 0.739387
0.786585 0.400676
0.565549 0.186477
0.487805 0.224583
0.707317 0.767592
0.748476 0.616808
0.664634 0.373436
0.670732 0.513547
0.676829 0.443275
0.777439 0.672978
0.364329 0.159285
0.463415 0.251292
0.832317 0.638010
0.908537 0.528375
0.964939 0.426902
0.625000 0.519874
0.115854 0.810142
0.996951 0.140836
0.657012 0.338131
0.550305 0.896305
0.533537 0.739870
0.371951 0.328568
0.519817 0.749384
0.350610 0.593238
0.571646 0.326153
0.419207 0.479063
0.118902 0.520647
0.294207 0.666168
0.219512 0.927554
0.333842 0.927554
0.919207 0.444723
0.852134 0.360541
0.560976 0.493601
0.410061 0.473895
0.358232 0.508283
0.344512 0.578797
0.240854 0.760299
0.190549 0.927554
0.310976 0.927554
0.237805 0.776044
0.329268 0.927554
0.253049 0.763294
0.942073 0.387249
0.606707 0.519923
0.519817 0.927554
0.791159 0.927554
0.548781 0.603719
0.362805 0.631538
0.466463 0.927554
0.324695 0.712292
0.669207 0.467230
0.556402 0.495146
0.751524 0.337310
0.716463 0.418643
0.775915 0.442019
0.913110 0.606230
0.806403 0.609563
0.733232 0.836127
0.771341 0.803284
0.821646 0.927554
0.865854 0.719971
0.844512 0.395557
0.626524 0.455349
0.542683 0.581888
0.900915 0.693456
0.684451 0.754552
0.746951 0.452837
0.890244 0.473364
0.800305 0.876648
1.000000 0.736537
0.852134 0.534364
0.821646 0.868148
0.966463 0.358319
0.814024 0.410239
0.596037 0.616904
0.471037 0.720261
0.832317 0.541705
0.692073 0.706786
0.730183 0.927554
0.663110 0.888240
0.573171 0.803960
0.623476 0.704274
0.838415 0.295098
0.570122 0.315286
0.669207 0.618788
0.804878 0.519730
0.751524 0.545520
0.474085 0.511905
0.487805 0.927554
0.641768 0.927554
0.458841 0.270321
0.565549 0.340594
0.591463 0.316059
0.592988 0.450181
0.347561 0.742140
0.442073 0.716639
0.000000 0.621299
0.440549 0.326636
0.440549 0.349336
0.274390 0.454238
0.535061 0.440715
0.457317 0.519681
0.211890 0.703019
0.259146 0.927554
0.984756 0.735909
0.678354 0.359285
0.588415 0.629027
0.644817 0.577155
1.000000 0.547790
0.730183 0.927554
0.211890 0.927554
0.731707 0.888578
0.382622 0.484859
0.298780 0.483072
0.708842 0.381744
0.852134 0.400676
0.560976 0.416952
0.388720 0.764018
0.167683 0.927554
0.310976 0.834871
0.685976 0.734943
0.623476 0.752185
0.557927 0.435740
0.695122 0.319778
0.435976 0.801594
0.768293 0.202318
0.792683 0.289399
0.926829 0.271818
0.884146 0.426998
0.644817 0.872108
0.702744 0.663753
0.682927 0.260324
0.641768 0.278339
0.614329 0.364115
0.585366 0.395653
0.596037 0.573871
0.588415 0.324704
0.527439 0.348370
0.522866 0.276407
0.443598 0.343057
0.669207 0.527602
0.652439 0.337406
0.644817 0.228496
0.530488 0.426757
0.573171 0.493842
0.778963 0.246414
0.806403 0.264477
0.594512 0.603767
0.548781 0.485728
0.964939 0.491910
0.827744 0.338614
0.990854 0.337986
1.000000 0.425936
0.545732 0.797730
0.481707 0.716832
0.570122 0.366626
0.564024 0.233663
0.352134 0.311519
0.451219 0.532384
0.588415 0.692828
