0.946142 0.833333
0.946142 1.000000
0.303867 0.166667
0.031561 0.333333
0.196402 0.666667
0.247747 0.833333
0.457829 1.000000
0.270260 0.166667
0.299415 0.333333
0.327277 0.500000
0.157732 0.666667
0.335751 0.833333
0.315069 1.000000
0.113425 0.166667
0.204266 0.500000
0.159671 0.666667
0.423252 0.833333
0.438871 0.166667
0.205917 0.333333
0.301892 0.500000
0.185631 0.666667
0.443467 0.833333
0.443467 1.000000
0.145596 0.166667
0.231805 0.500000
0.780762 0.666667
1.000000 0.833333
0.950594 1.000000
0.305878 0.166667
0.457829 0.333333
0.175039 0.500000
0.849557 0.666667
0.946142 0.833333
0.946142 1.000000
0.240243 0.166667
0.227389 0.333333
0.311264 0.500000
0.341819 0.666667
0.353704 0.833333
0.353704 1.000000
0.371656 0.333333
0.378837 0.500000
0.457829 0.666667
0.166888 1.000000
0.579333 0.166667
0.844638 0.333333
0.808409 0.500000
0.316613 0.666667
0.457829 0.833333
0.457829 1.000000
0.265736 0.166667
0.335751 0.333333
0.163657 0.500000
0.341819 0.666667
0.443467 0.833333
0.443467 1.000000
0.188144 0.166667
0.296327 0.333333
0.199454 0.500000
0.150300 0.666667
0.112276 0.833333
0.221428 1.000000
0.180748 0.166667
0.220638 0.333333
0.095616 0.500000
0.466195 0.666667
0.817637 0.833333
0.917849 1.000000
0.080967 0.166667
0.086316 0.333333
0.093677 0.500000
0.634627 0.666667
0.616603 0.833333
0.550070 1.000000
0.098955 0.166667
0.052781 0.333333
0.082259 0.500000
0.239237 0.833333
0.172633 1.000000
0.377222 0.166667
0.446304 0.500000
0.113461 0.666667
0.244767 0.833333
0.459229 0.333333
0.553194 0.500000
0.178809 0.833333
0.250655 1.000000
0.051524 0.166667
0.153819 0.333333
0.154968 0.500000
0.562493 0.166667
0.599296 0.500000
0.517935 0.666667
0.885031 0.833333
0.961904 1.000000
0.457829 0.166667
0.250332 0.333333
0.222505 0.500000
0.168468 0.666667
0.222039 0.833333
0.282539 1.000000
0.161215 0.333333
0.245988 0.500000
0.285699 0.666667
0.457829 0.833333
0.295142 1.000000
0.410865 0.166667
0.429249 0.333333
0.436537 0.500000
0.229579 0.666667
0.260457 0.833333
0.239632 1.000000
0.990270 0.166667
0.089440 0.333333
0.069513 0.500000
0.048759 0.666667
0.122581 1.000000
0.128757 0.166667
0.161359 0.500000
0.096442 0.666667
0.885785 0.833333
0.665111 1.000000
0.050160 0.166667
0.069477 0.333333
0.074504 0.500000
0.842770 1.000000
0.085527 0.166667
0.069513 0.333333
0.110050 0.500000
0.143298 0.666667
0.900578 0.833333
0.666691 1.000000
0.180532 1.000000
0.425514 0.833333
0.277620 1.000000
0.318911 0.166667
0.093785 0.333333
0.893469 0.666667
0.946142 0.833333
0.946142 1.000000
0.217371 0.166667
0.184338 0.333333
0.186672 0.500000
0.209292 0.666667
0.425514 0.833333
0.425514 1.000000
0.092349 0.166667
0.142077 0.333333
0.159061 0.500000
0.571721 0.666667
0.946142 0.833333
0.946142 1.000000
0.286130 0.333333
0.281175 0.500000
0.355176 0.666667
0.184230 0.833333
0.245629 1.000000
0.282360 0.166667
0.358048 0.333333
0.425514 0.500000
0.426125 0.666667
0.967685 0.833333
0.967685 1.000000
0.155147 0.166667
0.164482 0.500000
0.905748 0.666667
1.000000 0.833333
1.000000 1.000000
0.287279 0.166667
0.425514 0.333333
0.317080 0.500000
0.282970 0.666667
0.224444 0.833333
0.407562 1.000000
0.286597 0.166667
0.381387 0.333333
0.217335 0.500000
0.425514 0.666667
0.425514 0.833333
0.425514 1.000000
0.751750 0.166667
0.838067 0.333333
0.946142 0.500000
0.837385 0.666667
0.967685 0.833333
0.967685 1.000000
0.300205 0.166667
0.304513 0.333333
0.321030 0.500000
0.264299 0.666667
0.371656 0.833333
0.371656 1.000000
0.271049 0.166667
0.271839 0.333333
0.269865 0.500000
0.425514 0.666667
0.425514 0.833333
0.425514 1.000000
0.317798 0.166667
0.228394 0.500000
0.242253 0.166667
0.554702 0.333333
0.407131 0.500000
0.311192 0.666667
0.425514 0.833333
0.197587 1.000000
0.192668 0.166667
0.170586 0.333333
0.147356 0.500000
0.946142 0.666667
0.946142 0.833333
0.946142 1.000000
0.301066 0.333333
0.239058 0.500000
0.335751 0.666667
0.335751 0.833333
0.335751 1.000000
0.216402 0.166667
0.254569 0.333333
0.257298 0.500000
0.425514 0.166667
0.364691 0.333333
0.425514 0.500000
0.228179 0.666667
0.425514 0.833333
0.386413 1.000000
0.946142 0.166667
0.690711 0.333333
0.821622 0.500000
0.967685 0.666667
0.967685 0.833333
0.847869 1.000000
0.142042 0.166667
0.181430 0.333333
0.246239 0.500000
0.315141 0.666667
0.335751 0.833333
0.335751 1.000000
0.235898 0.166667
0.228430 0.333333
0.299989 0.500000
0.298409 0.666667
0.425514 0.833333
0.425514 1.000000
0.357869 0.166667
0.764174 0.333333
0.956483 0.500000
0.269111 0.666667
0.425514 0.833333
0.374062 1.000000
0.201142 0.166667
0.711070 0.500000
0.425514 0.500000
0.601307 0.666667
0.851675 0.833333
0.624179 1.000000
0.309432 0.166667
0.255862 0.333333
0.373308 1.000000
0.202075 0.500000
0.374385 0.833333
0.285591 1.000000
0.610463 0.500000
0.110409 0.166667
0.178019 0.333333
0.184697 0.500000
0.967685 0.833333
0.867007 1.000000
0.425514 0.333333
0.175721 0.500000
0.703170 0.666667
0.946142 0.833333
0.946142 1.000000
0.368928 0.166667
0.265017 0.333333
0.317332 0.500000
0.248968 0.666667
0.425514 0.166667
0.186277 0.500000
0.946142 0.666667
0.946142 0.833333
0.946142 1.000000
0.180101 0.500000
0.275035 0.666667
0.425514 0.833333
0.341855 1.000000
0.357294 0.166667
0.357294 0.333333
0.357294 0.500000
0.435352 0.666667
0.425514 0.833333
0.425514 1.000000
0.309684 0.166667
0.290187 0.333333
0.264515 0.500000
0.982047 0.666667
0.982047 0.833333
0.982047 1.000000
0.235898 0.166667
0.365409 0.333333
0.259811 0.500000
0.317367 0.666667
0.425514 0.833333
0.425514 1.000000
0.946142 0.166667
0.812754 0.333333
0.920972 0.500000
0.693332 0.666667
0.967685 0.833333
0.967685 1.000000
0.425514 0.166667
0.425514 0.333333
0.324405 0.500000
0.982047 0.833333
0.982047 1.000000
0.320096 0.166667
0.359125 0.333333
0.425514 0.500000
0.371656 0.666667
0.371656 0.833333
0.371656 1.000000
0.233349 0.166667
0.268393 0.333333
0.293203 0.500000
0.332519 0.666667
0.425514 0.833333
0.349718 1.000000
0.869197 0.166667
0.946142 0.333333
0.917525 0.500000
0.276076 0.666667
0.352447 0.833333
0.201573 1.000000
0.234534 0.166667
0.425514 0.333333
0.425514 0.833333
0.302467 1.000000
0.276579 0.500000
0.100032 1.000000
0.080859 0.166667
0.197156 0.333333
0.160353 0.500000
0.164303 0.166667
0.198880 0.333333
0.282072 0.500000
0.425514 0.666667
0.284586 0.833333
0.758393 1.000000
0.809019 0.166667
0.860400 0.333333
0.946142 0.500000
0.946142 0.666667
0.669958 0.833333
0.169617 1.000000
0.169940 0.166667
0.188898 0.333333
0.372518 0.500000
0.265161 0.833333
0.641341 1.000000
0.613838 0.500000
0.864206 0.666667
0.686869 0.833333
0.134214 1.000000
0.086245 0.166667
0.054361 0.333333
0.293131 0.500000
0.240853 0.833333
0.195361 1.000000
0.123838 0.333333
0.304298 0.666667
0.187175 0.833333
0.483717 1.000000
0.058167 0.166667
0.054145 0.333333
0.108075 0.500000
0.780977 0.666667
0.659402 0.833333
0.455064 1.000000
0.138523 0.000000
0.000000 0.333333
0.195576 0.666667
0.539550 0.833333
0.453880 1.000000
0.199382 0.166667
0.069764 0.333333
0.114179 0.500000
0.125741 0.666667
0.245198 0.833333
0.231230 1.000000
0.197587 0.166667
0.146637 0.333333
0.111773 0.666667
0.170299 0.833333
0.182184 1.000000
0.304154 0.000000
0.307422 0.166667
0.315213 0.333333
0.048724 0.666667
0.212667 0.833333
0.425514 0.833333
0.425514 1.000000
0.231195 0.166667
0.176008 0.333333
0.177803 0.500000
0.499803 0.666667
0.681017 1.000000
0.241607 0.166667
0.266023 0.333333
0.231302 0.500000
0.189113 0.166667
0.366091 0.333333
0.267890 0.500000
0.694517 0.666667
0.967685 1.000000
0.140641 0.333333
0.109116 0.500000
0.425514 0.666667
0.425514 0.833333
0.425514 1.000000
0.946142 0.166667
0.946142 0.333333
0.946142 0.500000
0.425514 0.666667
0.425514 0.833333
0.425514 1.000000
0.311838 0.166667
0.244731 0.333333
0.301641 0.666667
0.407562 0.833333
0.418333 1.000000
0.425514 0.166667
0.338372 0.333333
0.425514 0.500000
0.946142 0.666667
0.946142 0.833333
0.946142 1.000000
0.265700 0.166667
0.287710 0.333333
0.300241 0.500000
0.294603 0.666667
0.425514 0.833333
0.425514 1.000000
0.339557 0.666667
0.425514 0.833333
0.339449 1.000000
0.293813 0.166667
0.436825 0.333333
0.793724 0.500000
0.425514 0.666667
0.425514 0.833333
0.425514 1.000000
0.125848 0.166667
0.157876 0.333333
0.194284 0.500000
0.425514 0.833333
0.340311 1.000000
0.202004 0.166667
0.218233 0.333333
0.310510 0.333333
0.300241 0.500000
0.296722 0.666667
0.299630 0.833333
0.256113 1.000000
0.207353 0.166667
0.562960 0.333333
0.373308 0.833333
0.946142 0.833333
0.297153 0.166667
0.228179 0.333333
0.665937 0.166667
0.853973 0.333333
0.946142 0.500000
0.294101 0.666667
0.429464 0.833333
0.295357 1.000000
0.239237 0.166667
0.212632 0.333333
0.175505 0.500000
0.196618 0.666667
0.194499 1.000000
0.418333 0.166667
0.481168 0.333333
0.208072 0.500000
0.225809 0.666667
0.201788 0.833333
0.120857 1.000000
0.563534 0.166667
0.740512 0.333333
0.169868 0.500000
0.222793 0.666667
0.319737 0.833333
0.188144 1.000000
0.092205 0.500000
0.334387 0.833333
0.255323 1.000000
0.087358 0.166667
0.079674 0.333333
0.091810 0.666667
0.171161 0.833333
0.108721 1.000000
0.136871 0.166667
0.146673 0.333333
0.494417 0.500000
0.576568 0.666667
0.253851 0.833333
0.105346 1.000000
0.069190 0.166667
0.067323 0.333333
0.591577 0.500000
0.476069 0.666667
0.063840 0.000000
0.074683 0.166667
0.199634 0.333333
0.045492 0.500000
0.093605 0.666667
0.842735 0.833333
0.622132 1.000000
0.043302 0.166667
0.019138 0.333333
0.151197 0.500000
0.256616 0.666667
0.413558 0.833333
0.037988 1.000000
0.181071 0.000000
0.018814 0.166667
0.158630 0.333333
0.267603 0.500000
0.335751 0.833333
0.329647 1.000000
0.766615 0.166667
0.258698 0.333333
0.247998 0.500000
0.698934 0.666667
0.827582 0.833333
0.861728 1.000000
0.244515 0.166667
0.278087 0.333333
0.307709 0.500000
0.547305 0.666667
0.766615 0.833333
0.641952 1.000000
0.321891 0.166667
0.411296 0.333333
0.443934 0.666667
0.691824 0.833333
0.803167 1.000000
0.793831 0.666667
0.910237 0.833333
0.653513 1.000000
0.162005 0.166667
0.387634 0.333333
0.487451 0.500000
0.766615 0.833333
0.766615 1.000000
0.766615 0.000000
0.282252 0.666667
0.443467 0.833333
0.388532 1.000000
0.142652 0.166667
0.145058 0.333333
0.190909 0.500000
0.517683 0.666667
0.766615 0.833333
0.613622 1.000000
0.189939 0.166667
0.390291 0.333333
0.310797 0.500000
0.408926 0.666667
0.408926 0.833333
0.408926 1.000000
0.266095 0.166667
0.282396 0.333333
0.222757 0.500000
0.314280 0.666667
0.705217 0.833333
0.467236 1.000000
0.193638 0.166667
0.328498 0.333333
0.293311 0.500000
0.910237 0.666667
0.910237 0.833333
0.756274 1.000000
0.220064 0.166667
0.195971 0.333333
0.294819 0.500000
0.411834 0.666667
0.850023 0.833333
0.618182 1.000000
0.226958 0.166667
0.194930 0.333333
0.276112 0.500000
0.657678 0.666667
0.792611 0.833333
0.699724 1.000000
0.225486 0.166667
0.261750 0.333333
0.245844 0.500000
0.190406 0.166667
0.141611 0.500000
0.251014 0.666667
0.425514 0.833333
0.309971 1.000000
0.329073 0.166667
0.223978 0.333333
0.302036 0.500000
0.573444 0.666667
0.766615 0.833333
0.410434 1.000000
0.292449 0.166667
0.235395 0.333333
0.179419 0.500000
0.177301 0.666667
0.347277 0.833333
0.287925 1.000000
0.237622 0.166667
0.249973 0.333333
0.257370 0.500000
0.271696 0.666667
0.668055 0.166667
0.232774 0.500000
0.442174 0.666667
0.367132 0.833333
0.315321 1.000000
0.256185 0.166667
0.223475 0.333333
0.526265 0.833333
0.757854 0.666667
0.561632 0.833333
0.023195 0.000000
0.251804 0.333333
0.341998 0.500000
0.248178 0.666667
0.372195 0.833333
0.188826 1.000000
0.248465 0.833333
0.174536 1.000000
0.523213 0.166667
0.372374 0.333333
0.167678 0.500000
0.263509 0.666667
0.443467 0.833333
0.443467 1.000000
0.065635 0.333333
0.085275 0.500000
0.159815 0.666667
0.130157 0.833333
0.086281 1.000000
0.138487 0.166667
0.460630 0.333333
0.864278 0.500000
0.104664 0.833333
0.086352 1.000000
0.076299 0.000000
0.153316 0.500000
0.284478 0.666667
0.766615 0.833333
0.473448 1.000000
0.420272 0.333333
0.202758 0.666667
0.607303 0.833333
0.480378 1.000000
0.231661 0.166667
0.222721 0.333333
0.302646 0.500000
0.175936 0.666667
0.316937 0.833333
0.296578 1.000000
0.757639 0.333333
0.475890 0.500000
0.306452 0.666667
0.536031 0.833333
0.190586 1.000000
0.199777 0.166667
0.201142 0.333333
0.223259 0.500000
0.684464 0.666667
0.910237 0.833333
0.910237 1.000000
0.228538 0.333333
0.390183 0.500000
0.547700 0.666667
0.631719 0.833333
0.371656 0.166667
0.147607 0.333333
0.151987 0.500000
0.198700 0.666667
0.425514 0.833333
0.413989 1.000000
0.219777 0.166667
0.276148 0.333333
0.354458 0.500000
0.700513 0.833333
0.589566 1.000000
0.273132 0.166667
0.429284 0.333333
0.323974 0.500000
0.372949 0.666667
0.663423 0.833333
0.687947 1.000000
0.403684 0.166667
0.443467 0.333333
0.443467 0.500000
0.437184 0.666667
0.517899 0.833333
0.433198 1.000000
0.483573 0.166667
0.468278 0.333333
0.517540 0.500000
0.626907 0.833333
0.371908 1.000000
0.121396 0.166667
0.206923 0.333333
0.100930 0.500000
0.146745 0.666667
0.339234 0.833333
0.509066 0.166667
0.456501 0.333333
0.525511 0.500000
0.200603 0.666667
0.405156 1.000000
0.174644 0.166667
0.173997 0.333333
0.156152 0.666667
0.485117 0.833333
0.266202 1.000000
0.208790 0.333333
0.237047 0.500000
0.379089 0.666667
0.694804 0.833333
0.436968 1.000000
0.242397 0.166667
0.223547 0.333333
0.272127 0.500000
0.415066 0.666667
0.840652 0.833333
0.138092 0.166667
0.247029 0.500000
0.185487 0.166667
0.173387 0.333333
0.168145 0.500000
0.155111 0.666667
0.533984 0.833333
0.281139 1.000000
0.152598 0.166667
0.262396 0.333333
0.259057 0.500000
0.390937 0.666667
0.443467 0.833333
0.368138 1.000000
0.425514 0.166667
0.403504 0.333333
0.340239 0.500000
0.377258 0.666667
0.304980 0.833333
0.253492 1.000000
0.186313 0.333333
0.258519 0.500000
0.542279 0.666667
0.910237 0.833333
0.394169 0.000000
0.216545 0.166667
0.252271 0.333333
0.363434 0.666667
0.766615 0.833333
0.512585 1.000000
0.108901 0.166667
0.455531 0.333333
0.357474 0.500000
0.404007 0.666667
0.581559 0.833333
0.292665 1.000000
0.335751 0.166667
0.315536 0.333333
0.226635 0.500000
0.301246 0.666667
0.327636 0.833333
0.235970 1.000000
0.199418 0.166667
0.224265 0.333333
0.674123 0.500000
0.437758 0.833333
0.452767 1.000000
0.195182 0.166667
0.206348 0.333333
0.126136 0.500000
0.778967 0.833333
0.708736 1.000000
0.393989 0.000000
0.131916 0.166667
0.141431 0.500000
0.361639 0.833333
0.815626 0.000000
0.478259 0.166667
0.325626 0.333333
0.245916 0.666667
0.525008 0.833333
0.910237 1.000000
0.038957 0.000000
0.210800 0.166667
0.371656 0.666667
0.349646 0.833333
0.658181 0.166667
0.190370 0.500000
0.222865 0.666667
0.578543 0.833333
0.554738 1.000000
0.339449 0.166667
0.666475 0.333333
0.210190 0.500000
0.309720 0.666667
0.418656 1.000000
0.168719 0.166667
0.167391 0.333333
0.173459 0.500000
0.408747 0.666667
0.741051 0.833333
0.603928 1.000000
0.222362 0.166667
0.252486 0.500000
0.309504 0.666667
0.632078 0.833333
0.476536 1.000000
0.159061 0.166667
0.313310 0.333333
0.712757 0.500000
0.587088 0.666667
0.587088 0.833333
0.515385 1.000000
0.232415 0.333333
0.240709 0.500000
0.460845 0.666667
0.712757 0.833333
0.518007 1.000000
0.713296 0.166667
0.701339 0.333333
0.740045 0.500000
0.372877 0.666667
0.562888 0.833333
0.409752 1.000000
0.281139 0.166667
0.476931 0.333333
0.500018 0.500000
0.373487 0.666667
0.589530 0.833333
0.303903 1.000000
0.645399 0.166667
0.638613 0.333333
0.660802 0.500000
0.300851 0.666667
0.626548 1.000000
0.280888 0.166667
0.336792 0.333333
0.369717 0.500000
0.518832 0.666667
0.466770 0.833333
0.271624 1.000000
0.157912 0.166667
0.109368 0.333333
0.207641 0.500000
0.658648 0.666667
0.910237 0.833333
0.707048 1.000000
0.248501 0.166667
0.094359 0.333333
0.241392 0.500000
0.192525 0.666667
0.371656 0.833333
0.343866 1.000000
0.181897 0.166667
0.260314 0.333333
0.276148 0.500000
0.483322 0.666667
0.587088 0.833333
0.533949 1.000000
0.196725 0.333333
0.229866 0.500000
0.662310 0.666667
0.910237 0.833333
0.706151 1.000000
0.163262 0.166667
0.279415 0.333333
0.337295 0.500000
0.372554 0.166667
0.295609 0.333333
0.436609 0.500000
0.275933 0.666667
0.487451 0.833333
0.316290 1.000000
0.191519 0.166667
0.208502 0.333333
0.244049 0.500000
0.481922 0.666667
0.910237 0.833333
0.751966 1.000000
0.656781 0.166667
0.511974 0.333333
0.479013 0.500000
0.370184 0.666667
0.442533 0.833333
0.254856 1.000000
0.560626 0.166667
0.524398 0.333333
0.525547 0.500000
0.498187 0.666667
0.643711 0.833333
0.639762 1.000000
0.234175 0.166667
0.471042 0.500000
0.533949 0.666667
0.501275 0.833333
0.324441 1.000000
0.232487 0.166667
0.180748 0.333333
0.252163 0.500000
0.572870 0.833333
0.321066 1.000000
0.161825 0.166667
0.190155 0.333333
0.214175 0.500000
0.593839 0.833333
0.481742 1.000000
0.505332 0.166667
0.462712 0.333333
0.300815 0.500000
0.404976 0.666667
0.694804 0.833333
0.677211 1.000000
0.352734 0.166667
0.523500 0.333333
0.910237 0.500000
0.910237 0.666667
0.443467 1.000000
0.185092 0.000000
0.141611 0.166667
0.210010 0.333333
0.212344 0.666667
0.694804 1.000000
0.497505 0.166667
0.415999 1.000000
0.340562 0.000000
0.194894 0.333333
0.409680 0.500000
0.443467 0.833333
0.461599 0.666667
0.337977 0.833333
0.493950 1.000000
0.625471 0.166667
0.127895 0.500000
0.274568 0.666667
0.689526 0.833333
0.573229 1.000000
0.511508 0.166667
0.466770 0.333333
0.558831 0.500000
0.267459 0.666667
0.580302 0.833333
0.464220 1.000000
0.211698 0.166667
0.353452 0.333333
0.307817 0.500000
0.811964 0.666667
0.874331 0.833333
0.874331 1.000000
0.265664 0.166667
0.379340 0.333333
0.410255 0.500000
0.518437 0.666667
0.712757 0.833333
0.712757 1.000000
0.487379 0.166667
0.587088 0.333333
0.587088 0.500000
0.931780 0.666667
0.931780 0.833333
0.612330 1.000000
0.353811 0.166667
0.291228 0.333333
0.390148 0.500000
0.715199 0.666667
0.826398 0.833333
0.874331 1.000000
0.375498 0.166667
0.401063 0.333333
0.453485 0.500000
0.588417 0.666667
0.712757 0.833333
0.712757 1.000000
0.222936 0.166667
0.274568 0.333333
0.263976 0.500000
0.600122 0.666667
0.712757 0.833333
0.590643 1.000000
0.193889 0.166667
0.189652 0.333333
0.197408 0.500000
0.337726 0.666667
0.628308 0.833333
0.572295 1.000000
0.311084 0.333333
0.409716 0.500000
0.712757 0.666667
0.712757 0.833333
0.472012 1.000000
0.298409 0.166667
0.315285 0.333333
0.355966 0.500000
0.492693 0.666667
0.712757 0.833333
0.552727 1.000000
0.370543 0.333333
0.391297 0.500000
0.257262 0.666667
0.371656 0.833333
0.276974 1.000000
0.273958 0.166667
0.334422 0.333333
0.351801 0.500000
0.845751 0.666667
0.874331 0.833333
0.683925 1.000000
0.594054 0.166667
0.579871 0.333333
0.662597 0.500000
0.766615 0.833333
0.473879 0.166667
0.476356 0.333333
0.644788 0.500000
0.549280 0.166667
0.587088 0.333333
0.587088 0.500000
0.620373 0.666667
0.712757 0.833333
0.558436 1.000000
0.317260 0.166667
0.361711 0.333333
0.455783 0.500000
0.806542 0.666667
0.874331 0.833333
0.874331 1.000000
0.538724 0.166667
0.584144 0.500000
0.336433 0.666667
0.402930 0.833333
0.359843 0.166667
0.375103 0.333333
0.576712 0.666667
0.674913 0.833333
0.570751 0.166667
0.420452 0.333333
0.698503 0.500000
0.779433 0.666667
0.668594 0.833333
0.289577 0.166667
0.328175 0.333333
0.209041 0.666667
0.371656 0.833333
0.250296 1.000000
0.250655 0.166667
0.285591 0.333333
0.481814 0.500000
0.558651 0.666667
0.587088 0.833333
0.587088 1.000000
0.614161 0.166667
0.586047 0.333333
0.425909 0.500000
0.548634 0.666667
0.712757 0.833333
0.683530 1.000000
0.671430 0.166667
0.671969 0.333333
0.622671 0.500000
0.562852 0.666667
0.620875 0.833333
0.546767 1.000000
0.242577 0.166667
0.257585 0.333333
0.483214 0.666667
0.409572 0.833333
0.428746 1.000000
0.403756 0.166667
0.182722 0.500000
0.195505 0.666667
0.766615 1.000000
0.766615 0.000000
0.766615 0.166667
0.712757 0.833333
0.712757 1.000000
0.224157 0.166667
0.276399 0.333333
0.258159 0.500000
0.790564 0.666667
0.874331 0.833333
0.831783 1.000000
0.517145 0.166667
0.502316 0.333333
0.357869 0.666667
0.574917 0.833333
0.555959 1.000000
0.211483 0.166667
0.247603 0.333333
0.284658 0.500000
0.485081 0.666667
0.266023 0.166667
0.282898 0.333333
0.360885 0.500000
0.810204 0.666667
0.874331 0.833333
0.772970 1.000000
0.350831 0.333333
0.409536 0.500000
0.511723 0.666667
0.723529 0.833333
0.723529 1.000000
0.434778 0.166667
0.246454 0.333333
0.417148 0.500000
0.545833 0.666667
0.712757 0.833333
0.570285 1.000000
0.290295 0.166667
0.490826 0.333333
0.452264 0.500000
0.349790 0.666667
0.520125 1.000000
0.416538 0.166667
0.381458 0.333333
0.388316 0.500000
0.430433 0.666667
0.712757 0.833333
0.712757 1.000000
0.683782 0.166667
0.383649 0.333333
0.382320 0.500000
0.266274 0.666667
0.338911 0.833333
0.264622 1.000000
0.306991 0.166667
0.321066 0.333333
0.333166 0.500000
0.591182 0.666667
0.712757 0.833333
0.643855 1.000000
0.429033 0.166667
0.723529 0.333333
0.351406 0.500000
0.452264 0.666667
0.874331 0.833333
0.569567 0.166667
0.582385 0.333333
0.347133 0.500000
0.815985 0.666667
0.874331 0.833333
0.823561 1.000000
0.260924 0.333333
0.619116 0.500000
0.220423 0.666667
0.508492 0.833333
0.343901 1.000000
0.422067 0.333333
0.806614 0.666667
0.842376 0.833333
0.173602 0.166667
0.238340 0.333333
0.225270 0.500000
0.340634 0.666667
0.671538 0.833333
0.516642 1.000000
0.159420 0.166667
0.178880 0.333333
0.147643 0.500000
0.216725 0.166667
0.230117 0.333333
0.293885 0.500000
0.317332 0.666667
0.449822 0.833333
0.264587 1.000000
0.321532 0.166667
0.309935 0.333333
0.314100 0.500000
0.166744 0.666667
0.483717 0.833333
0.358407 1.000000
0.282180 0.166667
0.228681 0.333333
0.278231 0.500000
0.415425 0.833333
0.274030 1.000000
0.354422 0.166667
0.346953 0.333333
0.193063 0.500000
0.852034 0.833333
0.636566 1.000000
0.340455 0.166667
0.390327 0.333333
0.364475 0.500000
0.501023 0.166667
0.593946 0.333333
0.206384 0.500000
0.219813 0.666667
0.472048 0.833333
0.384295 1.000000
0.123084 0.166667
0.123407 0.333333
0.164518 0.666667
0.388891 0.833333
0.274927 1.000000
0.182543 0.166667
0.302251 0.333333
0.274461 0.500000
0.339844 0.666667
0.443467 0.833333
0.340060 1.000000
0.695020 0.166667
0.702919 0.333333
0.620732 0.500000
0.758213 0.666667
0.616244 0.833333
0.556102 1.000000
0.295752 0.166667
0.674410 0.333333
0.463430 0.500000
0.308499 0.833333
0.766687 1.000000
0.874331 0.166667
0.874331 0.333333
0.196905 0.500000
0.254784 0.666667
0.418980 0.833333
0.538257 0.166667
