0.946142 0.411451
0.946142 0.406125
0.303867 0.408788
0.031561 0.941411
0.196402 0.280959
0.247747 0.191744
0.457829 0.300932
0.270260 0.560586
0.299415 0.252996
0.327277 0.352863
0.157732 0.342210
0.335751 0.601864
0.315069 0.672437
0.113425 0.395473
0.204266 0.427430
0.159671 0.378162
0.423252 0.302264
0.438871 0.585886
0.205917 0.784288
0.301892 0.881491
0.185631 0.579228
0.443467 0.375499
0.443467 0.279627
0.145596 0.482024
0.231805 0.358189
0.780762 0.319574
1.000000 0.332890
0.950594 0.418109
0.305878 0.544607
0.457829 0.595206
0.175039 0.780293
0.849557 0.311585
0.946142 0.372836
0.946142 0.372836
0.240243 0.311585
0.227389 0.480692
0.311264 0.431425
0.341819 0.448735
0.353704 0.398136
0.353704 0.364847
0.371656 0.786951
0.378837 0.471372
0.457829 0.364847
0.166888 0.917443
0.579333 0.848202
0.844638 0.639148
0.808409 0.552597
0.316613 0.668442
0.457829 0.494008
0.457829 0.555260
0.265736 0.581891
0.335751 0.599201
0.163657 0.498003
0.341819 0.541944
0.443467 0.577896
0.443467 0.695073
0.188144 0.537949
0.296327 0.335553
0.199454 0.318242
0.150300 0.462051
0.112276 0.644474
0.221428 0.712384
0.180748 0.695073
0.220638 0.695073
0.095616 0.559254
0.466195 0.672437
0.817637 0.748336
0.917849 0.747004
0.080967 0.512650
0.086316 0.399467
0.093677 0.553928
0.634627 0.547270
0.616603 0.813582
0.550070 0.800266
0.098955 0.708389
0.052781 0.719041
0.082259 0.818908
0.239237 0.885486
0.172633 0.840213
0.377222 0.685752
0.446304 0.600533
0.113461 0.597870
0.244767 0.645806
0.459229 0.731025
0.553194 0.724368
0.178809 0.848202
0.250655 0.687084
0.051524 0.727031
0.153819 0.673768
0.154968 0.672437
0.562493 0.700399
0.599296 0.904128
0.517935 0.788282
0.885031 0.765646
0.961904 0.695073
0.457829 0.758988
0.250332 0.691079
0.222505 0.695073
0.168468 0.748336
0.222039 0.792277
0.282539 0.659121
0.161215 0.814913
0.245988 0.720373
0.285699 0.852197
0.457829 0.800266
0.295142 0.880160
0.410865 0.834887
0.429249 0.707057
0.436537 0.679095
0.229579 0.660453
0.260457 0.655126
0.239632 0.701731
0.990270 0.724368
0.089440 0.860186
0.069513 0.794940
0.048759 0.798935
0.122581 0.846871
0.128757 0.845539
0.161359 0.737683
0.096442 0.611185
0.885785 0.688415
0.665111 0.659121
0.050160 0.824234
0.069477 0.707057
0.074504 0.680426
0.842770 0.741678
0.085527 0.740346
0.069513 0.700399
0.110050 0.615180
0.143298 0.560586
0.900578 0.535286
0.666691 0.661784
0.180532 0.548602
0.425514 0.275632
0.277620 0.930759
0.318911 0.282290
0.093785 0.446072
0.893469 0.585886
0.946142 0.462051
0.946142 0.326232
0.217371 0.298269
0.184338 0.264980
0.186672 0.387483
0.209292 0.667111
0.425514 0.366178
0.425514 0.442077
0.092349 0.478029
0.142077 0.484687
0.159061 0.366178
0.571721 0.926764
0.946142 0.565912
0.946142 0.552597
0.286130 0.668442
0.281175 0.435419
0.355176 0.408788
0.184230 0.717710
0.245629 0.560586
0.282360 0.501997
0.358048 0.358189
0.425514 0.249001
0.426125 0.595206
0.967685 0.727031
0.967685 0.599201
0.155147 0.980027
0.164482 0.725699
0.905748 0.379494
1.000000 0.324900
1.000000 0.420772
0.287279 0.479361
0.425514 0.555260
0.317080 0.572570
0.282970 0.615180
0.224444 0.719041
0.407562 0.567244
0.286597 0.354194
0.381387 0.344874
0.217335 0.764314
0.425514 0.672437
0.425514 0.627164
0.425514 0.371505
0.751750 0.681758
0.838067 0.677763
0.946142 0.513981
0.837385 0.580559
0.967685 0.633822
0.967685 0.513981
0.300205 0.486019
0.304513 0.444740
0.321030 0.830892
0.264299 0.828229
0.371656 0.692410
0.371656 0.631158
0.271049 0.685752
0.271839 0.595206
0.269865 0.511318
0.425514 0.600533
0.425514 0.532623
0.425514 0.607190
0.317798 0.544607
0.228394 0.790945
0.242253 0.768309
0.554702 0.740346
0.407131 0.800266
0.311192 0.926764
0.425514 0.781624
0.197587 0.841545
0.192668 0.604527
0.170586 0.874834
0.147356 0.898802
0.946142 0.786951
0.946142 0.950732
0.946142 0.925433
0.301066 0.773635
0.239058 0.830892
0.335751 0.735020
0.335751 0.724368
0.335751 0.657790
0.216402 0.459387
0.254569 0.575233
0.257298 0.700399
0.425514 0.721704
0.364691 0.708389
0.425514 0.701731
0.228179 0.712384
0.425514 0.701731
0.386413 0.684421
0.946142 0.672437
0.690711 0.648469
0.821622 0.604527
0.967685 0.541944
0.967685 0.559254
0.847869 0.680426
0.142042 0.892144
0.181430 0.897470
0.246239 0.845539
0.315141 0.830892
0.335751 0.792277
0.335751 0.766977
0.235898 0.798935
0.228430 0.793609
0.299989 0.778961
0.298409 0.833555
0.425514 0.952064
0.425514 0.725699
0.357869 0.792277
0.764174 0.837550
0.956483 0.793609
0.269111 0.741678
0.425514 0.712384
0.374062 0.695073
0.201142 0.790945
0.711070 0.640479
0.425514 0.648469
0.601307 0.745672
0.851675 0.894807
0.624179 0.785619
0.309432 0.697736
0.255862 0.640479
0.373308 0.786951
0.202075 0.452730
0.374385 0.495340
0.285591 0.524634
0.610463 0.617843
0.110409 0.420772
0.178019 0.460719
0.184697 0.585886
0.967685 0.207723
0.867007 0.358189
0.425514 0.814913
0.175721 0.371505
0.703170 0.513981
0.946142 0.428762
0.946142 0.366178
0.368928 0.359521
0.265017 0.287617
0.317332 0.604527
0.248968 0.593875
0.425514 0.414115
0.186277 0.359521
0.946142 0.174434
0.946142 0.259654
0.946142 0.615180
0.180101 0.640479
0.275035 0.499334
0.425514 0.487350
0.341855 0.354194
0.357294 0.520639
0.357294 0.482024
0.357294 0.632490
0.435352 0.621837
0.425514 0.492676
0.425514 0.515313
0.309684 0.613848
0.290187 0.653795
0.264515 0.511318
0.982047 0.495340
0.982047 0.386152
0.982047 0.380826
0.235898 0.387483
0.365409 0.347537
0.259811 0.408788
0.317367 0.414115
0.425514 0.246338
0.425514 0.280959
0.946142 0.267643
0.812754 0.511318
0.920972 0.488682
0.693332 0.482024
0.967685 0.591212
0.967685 0.378162
0.425514 0.537949
0.425514 0.639148
0.324405 0.539281
0.982047 0.607190
0.982047 0.527297
0.320096 0.595206
0.359125 0.665779
0.425514 0.557923
0.371656 0.679095
0.371656 0.607190
0.371656 0.624501
0.233349 0.617843
0.268393 0.637816
0.293203 0.601864
0.332519 0.544607
0.425514 0.511318
0.349718 0.527297
0.869197 0.488682
0.946142 0.560586
0.917525 0.531292
0.276076 0.745672
0.352447 0.874834
0.201573 0.754993
0.234534 0.733688
0.425514 0.765646
0.425514 0.679095
0.302467 0.639148
0.276579 0.774967
0.100032 0.826897
0.080859 0.890812
0.197156 0.766977
0.160353 0.770972
0.164303 0.591212
0.198880 0.599201
0.282072 0.597870
0.425514 0.655126
0.284586 0.613848
0.758393 0.624501
0.809019 0.581891
0.860400 0.484687
0.946142 0.499334
0.946142 0.452730
0.669958 0.458056
0.169617 0.448735
0.169940 0.652463
0.188898 0.512650
0.372518 0.637816
0.265161 0.639148
0.641341 0.707057
0.613838 0.832224
0.864206 0.667111
0.686869 0.672437
0.134214 0.672437
0.086245 0.677763
0.054361 0.852197
0.293131 0.910786
0.240853 0.644474
0.195361 0.567244
0.123838 0.774967
0.304298 0.564581
0.187175 0.661784
0.483717 0.661784
0.058167 0.786951
0.054145 0.697736
0.108075 0.495340
0.780977 0.687084
0.659402 0.713715
0.455064 0.860186
0.138523 0.644474
0.000000 0.612517
0.195576 0.806924
0.539550 0.701731
0.453880 0.905459
0.199382 0.695073
0.069764 0.660453
0.114179 0.687084
0.125741 0.661784
0.245198 0.611185
0.231230 0.621837
0.197587 0.486019
0.146637 0.472703
0.111773 0.644474
0.170299 0.585886
0.182184 0.579228
0.304154 0.607190
0.307422 0.607190
0.315213 0.564581
0.048724 0.667111
0.212667 0.564581
0.425514 0.264980
0.425514 0.371505
0.231195 0.692410
0.176008 0.326232
0.177803 0.178429
0.499803 0.475366
0.681017 0.568575
0.241607 0.266312
0.266023 0.334221
0.231302 0.346205
0.189113 0.575233
0.366091 0.692410
0.267890 0.499334
0.694517 0.306258
0.967685 0.360852
0.140641 0.668442
0.109116 0.766977
0.425514 0.388815
0.425514 0.507324
0.425514 0.491345
0.946142 0.434088
0.946142 0.494008
0.946142 0.482024
0.425514 0.559254
0.425514 0.412783
0.425514 0.292943
0.311838 0.275632
0.244731 0.354194
0.301641 0.853529
0.407562 0.555260
0.418333 0.537949
0.425514 0.368842
0.338372 0.486019
0.425514 0.440746
0.946142 0.382157
0.946142 0.557923
0.946142 0.852197
0.265700 0.419441
0.287710 0.427430
0.300241 0.472703
0.294603 0.400799
0.425514 0.406125
0.425514 0.525965
0.339557 0.535286
0.425514 0.621837
0.339449 0.555260
0.293813 0.540613
0.436825 0.519308
0.793724 0.513981
0.425514 0.573901
0.425514 0.438083
0.425514 0.404794
0.125848 0.644474
0.157876 0.841545
0.194284 0.692410
0.425514 0.675100
0.340311 0.613848
0.202004 0.777630
0.218233 0.645806
0.310510 0.647137
0.300241 0.653795
0.296722 0.632490
0.299630 0.604527
0.256113 0.579228
0.207353 0.665779
0.562960 0.864181
0.373308 0.773635
0.946142 0.647137
0.297153 0.505992
0.228179 0.612517
0.665937 0.774967
0.853973 0.808256
0.946142 0.672437
0.294101 0.651132
0.429464 0.621837
0.295357 0.724368
0.239237 0.792277
0.212632 0.715047
0.175505 0.680426
0.196618 0.655126
0.194499 0.711052
0.418333 0.644474
0.481168 0.660453
0.208072 0.653795
0.225809 0.601864
0.201788 0.555260
0.120857 0.591212
0.563534 0.584554
0.740512 0.560586
0.169868 0.573901
0.222793 0.539281
0.319737 0.553928
0.188144 0.552597
0.092205 0.608522
0.334387 0.933422
0.255323 0.667111
0.087358 0.631158
0.079674 0.568575
0.091810 0.758988
0.171161 0.545939
0.108721 0.568575
0.136871 0.504660
0.146673 0.435419
0.494417 0.637816
0.576568 0.857523
0.253851 0.745672
0.105346 0.621837
0.069190 0.541944
0.067323 0.737683
0.591577 0.837550
0.476069 0.707057
0.063840 0.391478
0.074683 0.524634
0.199634 0.508655
0.045492 0.487350
0.093605 0.577896
0.842735 0.587217
0.622132 0.557923
0.043302 0.692410
0.019138 0.611185
0.151197 0.315579
0.256616 0.352863
0.413558 0.560586
0.037988 0.833555
0.181071 0.707057
0.018814 0.701731
0.158630 0.411451
0.267603 0.394141
0.335751 0.848202
0.329647 0.664447
0.766615 0.346205
0.258698 0.251664
0.247998 0.364847
0.698934 0.259654
0.827582 0.359521
0.861728 0.264980
0.244515 0.218376
0.278087 0.479361
0.307709 0.501997
0.547305 0.322237
0.766615 0.306258
0.641952 0.661784
0.321891 0.527297
0.411296 0.298269
0.443934 0.830892
0.691824 0.568575
0.803167 0.364847
0.793831 0.171771
0.910237 0.324900
0.653513 0.725699
0.162005 0.844208
0.387634 0.672437
0.487451 0.455393
0.766615 0.308921
0.766615 0.484687
0.766615 0.264980
0.282252 0.344874
0.443467 0.249001
0.388532 0.454061
0.142652 0.511318
0.145058 0.653795
0.190909 0.439414
0.517683 0.422104
0.766615 0.302264
0.613622 0.319574
0.189939 0.720373
0.390291 0.617843
0.310797 0.535286
0.408926 0.552597
0.408926 0.508655
0.408926 0.639148
0.266095 0.360852
0.282396 0.487350
0.222757 0.388815
0.314280 0.247670
0.705217 0.292943
0.467236 0.422104
0.193638 0.745672
0.328498 0.611185
0.293311 0.505992
0.910237 0.547270
0.910237 0.584554
0.756274 0.571238
0.220064 0.545939
0.195971 0.474035
0.294819 0.721704
0.411834 0.587217
0.850023 0.508655
0.618182 0.499334
0.226958 0.651132
0.194930 0.475366
0.276112 0.532623
0.657678 0.545939
0.792611 0.691079
0.699724 0.632490
0.225486 0.628495
0.261750 0.588549
0.245844 0.591212
0.190406 0.511318
0.141611 0.897470
0.251014 0.798935
0.425514 0.711052
0.309971 0.848202
0.329073 0.688415
0.223978 0.711052
0.302036 0.568575
0.573444 0.501997
0.766615 0.588549
0.410434 0.717710
0.292449 0.644474
0.235395 0.625832
0.179419 0.655126
0.177301 0.640479
0.347277 0.632490
0.287925 0.540613
0.237622 0.667111
0.249973 0.535286
0.257370 0.471372
0.271696 0.611185
0.668055 0.681758
0.232774 0.850866
0.442174 0.699068
0.367132 0.541944
0.315321 0.627164
0.256185 0.591212
0.223475 0.695073
0.526265 0.627164
0.757854 0.647137
0.561632 0.595206
0.023195 0.858855
0.251804 0.748336
0.341998 0.790945
0.248178 0.680426
0.372195 0.639148
0.188826 0.661784
0.248465 0.599201
0.174536 0.601864
0.523213 0.584554
0.372374 0.399467
0.167678 0.524634
0.263509 0.695073
0.443467 0.512650
0.443467 0.533955
0.065635 0.573901
0.085275 0.613848
0.159815 0.555260
0.130157 0.501997
0.086281 0.414115
0.138487 0.486019
0.460630 0.521971
0.864278 0.486019
0.104664 0.375499
0.086352 0.599201
0.076299 0.657790
0.153316 0.472703
0.284478 0.332890
0.766615 0.193076
0.473448 0.338216
0.420272 0.764314
0.202758 0.765646
0.607303 0.721704
0.480378 0.870839
0.231661 0.577896
0.222721 0.499334
0.302646 0.447403
0.175936 0.372836
0.316937 0.280959
0.296578 0.199734
0.757639 0.541944
0.475890 0.584554
0.306452 0.306258
0.536031 0.227696
0.190586 0.801598
0.199777 0.399467
0.201142 0.380826
0.223259 0.322237
0.684464 0.358189
0.910237 0.215712
0.910237 0.169108
0.228538 0.733688
0.390183 0.595206
0.547700 0.619174
0.631719 0.599201
0.371656 0.255659
0.147607 0.338216
0.151987 0.211718
0.198700 0.300932
0.425514 0.545939
0.413989 0.531292
0.219777 0.577896
0.276148 0.319574
0.354458 0.447403
0.700513 0.338216
0.589566 0.215712
0.273132 0.644474
0.429284 0.386152
0.323974 0.374168
0.372949 0.268975
0.663423 0.340879
0.687947 0.271638
0.403684 0.227696
0.443467 0.209055
0.443467 0.235686
0.437184 0.278296
0.517899 0.684421
0.433198 0.520639
0.483573 0.577896
0.468278 0.225033
0.517540 0.139814
0.626907 0.432756
0.371908 0.358189
0.121396 0.604527
0.206923 0.432756
0.100930 0.661784
0.146745 0.354194
0.339234 0.464714
0.509066 0.641811
0.456501 0.711052
0.525511 0.577896
0.200603 0.688415
0.405156 0.739015
0.174644 0.599201
0.173997 0.679095
0.156152 0.884154
0.485117 0.832224
0.266202 0.715047
0.208790 0.740346
0.237047 0.677763
0.379089 0.557923
0.694804 0.585886
0.436968 0.631158
0.242397 0.926764
0.223547 0.968043
0.272127 0.870839
0.415066 0.708389
0.840652 0.818908
0.138092 0.772304
0.247029 0.632490
0.185487 0.914780
0.173387 0.800266
0.168145 0.945406
0.155111 0.984021
0.533984 0.764314
0.281139 0.708389
0.152598 0.950732
0.262396 0.814913
0.259057 0.792277
0.390937 0.732357
0.443467 0.757657
0.368138 0.773635
0.425514 0.657790
0.403504 0.635153
0.340239 0.624501
0.377258 0.620506
0.304980 0.813582
0.253492 0.721704
0.186313 0.868176
0.258519 0.770972
0.542279 0.757657
0.910237 0.692410
0.394169 0.784288
0.216545 0.745672
0.252271 0.671105
0.363434 0.828229
0.766615 0.857523
0.512585 0.797603
0.108901 0.900133
0.455531 0.664447
0.357474 0.834887
0.404007 0.770972
0.581559 0.713715
0.292665 0.721704
0.335751 0.701731
0.315536 0.837550
0.226635 0.786951
0.301246 0.732357
0.327636 0.852197
0.235970 0.724368
0.199418 0.480692
0.224265 0.444740
0.674123 0.552597
0.437758 0.877497
0.452767 0.617843
0.195182 0.452730
0.206348 0.608522
0.126136 0.595206
0.778967 0.639148
0.708736 0.665779
0.393989 0.667111
0.131916 0.571238
0.141431 0.739015
0.361639 0.725699
0.815626 0.487350
0.478259 0.442077
0.325626 0.737683
0.245916 0.406125
0.525008 0.737683
0.910237 0.427430
0.038957 0.464714
0.210800 0.480692
0.371656 0.278296
0.349646 0.387483
0.658181 0.239680
0.190370 0.830892
0.222865 0.535286
0.578543 0.382157
0.554738 0.474035
0.339449 0.452730
0.666475 0.933422
0.210190 0.619174
0.309720 0.448735
0.418656 0.553928
0.168719 0.412783
0.167391 0.460719
0.173459 0.985353
0.408747 0.701731
0.741051 0.435419
0.603928 0.111851
0.222362 0.575233
0.252486 0.765646
0.309504 0.521971
0.632078 0.420772
0.476536 0.327563
0.159061 0.821571
0.313310 0.548602
0.712757 0.535286
0.587088 0.766977
0.587088 0.259654
0.515385 0.266312
0.232415 0.708389
0.240709 0.644474
0.460845 0.635153
0.712757 0.491345
0.518007 0.768309
0.713296 0.447403
0.701339 0.424767
0.740045 0.434088
0.372877 0.372836
0.562888 0.235686
0.409752 0.279627
0.281139 0.857523
0.476931 0.660453
0.500018 0.599201
0.373487 0.527297
0.589530 0.548602
0.303903 0.605859
0.645399 0.491345
0.638613 0.568575
0.660802 0.624501
0.300851 0.504660
0.626548 0.837550
0.280888 0.687084
0.336792 0.820240
0.369717 0.691079
0.518832 0.692410
0.466770 0.688415
0.271624 0.750999
0.157912 0.854860
0.109368 0.665779
0.207641 0.800266
0.658648 0.792277
0.910237 0.608522
0.707048 0.673768
0.248501 0.692410
0.094359 0.804261
0.241392 0.925433
0.192525 0.808256
0.371656 0.912117
0.343866 0.684421
0.181897 0.625832
0.260314 0.712384
0.276148 0.818908
0.483322 0.846871
0.587088 0.930759
0.533949 0.994674
0.196725 1.000000
0.229866 0.978695
0.662310 0.878828
0.910237 0.830892
0.706151 0.764314
0.163262 0.810919
0.279415 0.968043
0.337295 0.825566
0.372554 0.750999
0.295609 0.692410
0.436609 0.648469
0.275933 0.651132
0.487451 0.724368
0.316290 0.700399
0.191519 0.740346
0.208502 0.719041
0.244049 0.773635
0.481922 0.785619
0.910237 0.733688
0.751966 0.717710
0.656781 0.651132
0.511974 0.798935
0.479013 0.860186
0.370184 0.740346
0.442533 0.711052
0.254856 0.728362
0.560626 0.874834
0.524398 0.914780
0.525547 0.781624
0.498187 0.640479
0.643711 0.648469
0.639762 0.655126
0.234175 0.777630
0.471042 0.693742
0.533949 0.737683
0.501275 0.659121
0.324441 0.697736
0.232487 0.653795
0.180748 0.826897
0.252163 0.648469
0.572870 0.591212
0.321066 0.777630
0.161825 0.808256
0.190155 0.615180
0.214175 0.547270
0.593839 0.584554
0.481742 0.739015
0.505332 0.774967
0.462712 0.821571
0.300815 0.838881
0.404976 0.701731
0.694804 0.707057
0.677211 0.806924
0.352734 0.892144
0.523500 0.712384
0.910237 0.757657
0.910237 0.984021
0.443467 0.997337
0.185092 0.713715
0.141611 0.439414
0.210010 0.525965
0.212344 0.637816
0.694804 0.740346
0.497505 0.874834
0.415999 0.914780
0.340562 0.964048
0.194894 0.894807
0.409680 0.667111
0.443467 0.841545
0.461599 0.595206
0.337977 0.612517
0.493950 0.462051
0.625471 0.222370
0.127895 0.992011
0.274568 0.695073
0.689526 0.601864
0.573229 0.587217
0.511508 0.607190
0.466770 0.000000
0.558831 0.291611
0.267459 0.446072
0.580302 0.575233
0.464220 0.427430
0.211698 0.724368
0.353452 0.252996
0.307817 0.475366
0.811964 0.434088
0.874331 0.440746
0.874331 0.487350
0.265664 0.620506
0.379340 0.487350
0.410255 0.225033
0.518437 0.378162
0.712757 0.312916
0.712757 0.412783
0.487379 0.174434
0.587088 0.327563
0.587088 0.564581
0.931780 0.921438
0.931780 0.199734
0.612330 0.505992
0.353811 0.924101
0.291228 0.865513
0.390148 0.611185
0.715199 0.760320
0.826398 0.721704
0.874331 0.498003
0.375498 0.479361
0.401063 0.434088
0.453485 0.422104
0.588417 0.331558
0.712757 0.287617
0.712757 0.392810
0.222936 0.517976
0.274568 0.708389
0.263976 0.533955
0.600122 0.328895
0.712757 0.408788
0.590643 0.342210
0.193889 0.387483
0.189652 0.737683
0.197408 0.700399
0.337726 0.339547
0.628308 0.294274
0.572295 0.274301
0.311084 0.944075
0.409716 0.651132
0.712757 0.575233
0.712757 0.812250
0.472012 0.600533
0.298409 0.480692
0.315285 0.491345
0.355966 0.466045
0.492693 0.438083
0.712757 0.528628
0.552727 0.404794
0.370543 0.705726
0.391297 0.607190
0.257262 0.644474
0.371656 0.667111
0.276974 0.684421
0.273958 0.777630
0.334422 0.747004
0.351801 0.798935
0.845751 0.878828
0.874331 0.908122
0.683925 0.914780
0.594054 0.905459
0.579871 0.824234
0.662597 0.957390
0.766615 0.964048
0.473879 0.918775
0.476356 0.825566
0.644788 0.761651
0.549280 0.953395
0.587088 0.812250
0.587088 0.793609
0.620373 0.794940
0.712757 0.838881
0.558436 0.877497
0.317260 0.858855
0.361711 0.668442
0.455783 0.595206
0.806542 0.772304
0.874331 0.865513
0.874331 0.904128
0.538724 0.908122
0.584144 0.719041
0.336433 0.719041
0.402930 0.724368
0.359843 0.773635
0.375103 0.898802
0.576712 0.739015
0.674913 0.820240
0.570751 0.994674
0.420452 0.865513
0.698503 0.837550
0.779433 0.880160
0.668594 0.838881
0.289577 0.965380
0.328175 0.832224
0.209041 0.760320
0.371656 0.471372
0.250296 0.471372
0.250655 0.567244
0.285591 0.459387
0.481814 0.641811
0.558651 0.532623
0.587088 0.684421
0.587088 0.571238
0.614161 0.948069
0.586047 0.985353
0.425909 0.848202
0.548634 0.731025
0.712757 0.758988
0.683530 0.700399
0.671430 0.732357
0.671969 0.552597
0.622671 0.647137
0.562852 0.553928
0.620875 0.621837
0.546767 0.665779
0.242577 0.853529
0.257585 0.619174
0.483214 0.705726
0.409572 0.824234
0.428746 0.777630
0.403756 0.535286
0.182722 0.619174
0.195505 0.412783
0.766615 0.786951
0.766615 0.968043
0.766615 0.691079
0.712757 0.547270
0.712757 0.681758
0.224157 0.521971
0.276399 0.615180
0.258159 0.637816
0.790564 0.527297
0.874331 0.344874
0.831783 0.537949
0.517145 0.625832
0.502316 0.926764
0.357869 0.639148
0.574917 0.424767
0.555959 0.507324
0.211483 0.455393
0.247603 0.466045
0.284658 0.266312
0.485081 0.121172
0.266023 0.505992
0.282898 0.505992
0.360885 0.360852
0.810204 0.362184
0.874331 0.462051
0.772970 0.841545
0.350831 0.588549
0.409536 0.520639
0.511723 0.553928
0.723529 0.467377
0.723529 0.432756
0.434778 0.861518
0.246454 0.901465
0.417148 0.571238
0.545833 0.306258
0.712757 0.347537
0.570285 0.981358
0.290295 0.713715
0.490826 0.635153
0.452264 0.684421
0.349790 0.479361
0.520125 0.805593
0.416538 0.652463
0.381458 0.933422
0.388316 0.932091
0.430433 0.994674
0.712757 0.758988
0.712757 0.306258
0.683782 0.760320
0.383649 0.455393
0.382320 0.382157
0.266274 0.372836
0.338911 0.442077
0.264622 0.567244
0.306991 0.740346
0.321066 0.865513
0.333166 0.611185
0.591182 0.460719
0.712757 0.267643
0.643855 0.392810
0.429033 0.697736
0.723529 0.684421
0.351406 0.665779
0.452264 0.728362
0.874331 0.667111
0.569567 0.720373
0.582385 0.665779
0.347133 0.608522
0.815985 0.641811
0.874331 0.605859
0.823561 0.721704
0.260924 0.728362
0.619116 0.501997
0.220423 0.412783
0.508492 0.527297
0.343901 0.573901
0.422067 0.972037
0.806614 0.874834
0.842376 0.977364
0.173602 0.792277
0.238340 0.813582
0.225270 0.930759
0.340634 0.893475
0.671538 0.684421
0.516642 0.735020
0.159420 0.788282
0.178880 0.770972
0.147643 0.741678
0.216725 0.717710
0.230117 0.681758
0.293885 0.657790
0.317332 0.632490
0.449822 0.641811
0.264587 0.635153
0.321532 0.675100
0.309935 0.665779
0.314100 0.661784
0.166744 0.635153
0.483717 0.728362
0.358407 0.584554
0.282180 0.581891
0.228681 0.577896
0.278231 0.508655
0.415425 0.705726
0.274030 0.691079
0.354422 0.774967
0.346953 0.672437
0.193063 0.684421
0.852034 0.747004
0.636566 0.693742
0.340455 0.584554
0.390327 0.621837
0.364475 0.704394
0.501023 0.739015
0.593946 0.652463
0.206384 0.801598
0.219813 0.825566
0.472048 0.640479
0.384295 0.600533
0.123084 0.539281
0.123407 0.619174
0.164518 0.960053
0.388891 0.964048
0.274927 0.844208
0.182543 0.612517
0.302251 0.785619
0.274461 0.986684
0.339844 0.994674
0.443467 0.697736
0.340060 0.671105
0.695020 0.475366
0.702919 0.555260
0.620732 0.500666
0.758213 0.604527
0.616244 0.597870
0.556102 0.541944
0.295752 0.619174
0.674410 0.608522
0.463430 0.651132
0.308499 0.957390
0.766687 0.647137
0.874331 0.568575
0.874331 0.613848
0.196905 0.428762
0.254784 0.515313
0.418980 0.635153
0.538257 0.724368
